2.813 0.874 0.466
2.822 0.878 0.363
2.821 0.868 0.362
2.820 0.856 0.467
2.821 0.857 0.362
2.814 0.843 0.465
2.829 0.848 0.363
2.811 0.832 0.360
2.827 0.825 0.466
2.835 0.829 0.363
2.817 0.811 0.464
2.829 0.816 0.361
2.831 0.806 0.466
2.820 0.803 0.360
2.852 0.800 0.576
2.841 0.798 0.467
2.819 0.792 0.360
2.838 0.787 0.466
2.825 0.784 0.360
2.866 0.782 0.577
2.858 0.781 0.469
2.834 0.775 0.361
2.847 0.768 0.573
2.850 0.770 0.362
2.838 0.755 0.571
2.854 0.760 0.468
2.866 0.764 0.364
2.852 0.748 0.573
2.860 0.751 0.468
2.859 0.739 0.574
2.855 0.738 0.467
2.852 0.739 0.362
2.871 0.731 0.576
2.852 0.727 0.466
2.860 0.730 0.362
2.892 0.725 0.688
2.870 0.720 0.575
2.858 0.718 0.467
2.865 0.721 0.363
2.863 0.721 0.258
2.866 0.709 0.574
2.859 0.708 0.466
2.857 0.708 0.361
2.852 0.708 0.257
2.897 0.705 0.688
2.882 0.702 0.577
2.883 0.703 0.470
2.866 0.700 0.362
2.860 0.699 0.258
2.882 0.690 0.684
2.868 0.689 0.467
2.866 0.689 0.362
2.865 0.690 0.258
2.885 0.680 0.684
2.893 0.683 0.578
2.893 0.684 0.471
2.884 0.683 0.364
2.861 0.679 0.257
2.901 0.673 0.687
2.880 0.670 0.575
2.882 0.671 0.469
2.886 0.673 0.364
2.860 0.668 0.257
2.901 0.663 0.687
2.878 0.659 0.574
2.898 0.664 0.471
2.904 0.666 0.366
2.878 0.661 0.258
2.896 0.651 0.685
2.888 0.650 0.575
2.892 0.652 0.470
2.876 0.649 0.362
2.890 0.653 0.259
2.902 0.642 0.686
2.898 0.642 0.577
2.891 0.641 0.469
2.893 0.642 0.364
2.898 0.645 0.260
2.905 0.632 0.797
2.904 0.632 0.686
2.900 0.632 0.577
2.889 0.630 0.468
2.901 0.634 0.365
2.894 0.634 0.259
2.907 0.622 0.797
2.906 0.622 0.686
2.899 0.621 0.576
2.895 0.621 0.469
2.903 0.624 0.365
2.894 0.623 0.259
2.911 0.612 0.797
2.923 0.615 0.690
2.897 0.610 0.575
2.899 0.612 0.469
2.906 0.614 0.365
2.912 0.616 0.260
2.919 0.602 0.799
2.927 0.605 0.690
2.914 0.604 0.579
2.909 0.603 0.471
2.896 0.601 0.363
2.899 0.603 0.259
2.921 0.593 0.799
2.909 0.591 0.685
2.930 0.596 0.581
2.898 0.590 0.468
2.898 0.591 0.363
2.914 0.596 0.260
2.912 0.596 0.156
2.918 0.581 0.797
2.920 0.582 0.687
2.934 0.586 0.582
2.921 0.584 0.472
2.918 0.585 0.365
2.895 0.581 0.258
2.902 0.584 0.155
2.914 0.570 0.796
2.934 0.574 0.690
2.913 0.571 0.577
2.920 0.574 0.365
2.911 0.574 0.260
2.924 0.577 0.156
2.924 0.561 0.798
2.938 0.565 0.691
2.915 0.561 0.577
2.933 0.565 0.473
2.929 0.566 0.366
2.917 0.564 0.260
2.933 0.569 0.157
2.929 0.551 0.799
2.936 0.554 0.690
2.925 0.553 0.579
2.931 0.555 0.472
2.922 0.555 0.260
2.920 0.555 0.156
2.937 0.542 0.800
2.924 0.541 0.687
2.934 0.544 0.580
2.927 0.544 0.471
2.929 0.545 0.366
2.940 0.548 0.262
2.914 0.544 0.155
2.929 0.531 0.798
2.945 0.535 0.691
2.940 0.535 0.581
2.921 0.532 0.470
2.929 0.534 0.366
2.926 0.535 0.260
2.919 0.535 0.156
2.949 0.525 0.691
2.938 0.524 0.580
2.934 0.524 0.472
2.935 0.525 0.366
2.926 0.524 0.260
2.923 0.525 0.156
2.954 0.514 0.803
2.962 0.516 0.694
2.936 0.513 0.579
2.948 0.516 0.474
2.935 0.514 0.366
2.946 0.517 0.262
2.953 0.519 0.157
2.956 0.505 0.692
2.941 0.503 0.580
2.950 0.505 0.474
2.933 0.503 0.365
2.957 0.509 0.263
2.933 0.505 0.156
2.965 0.495 0.805
2.950 0.493 0.691
2.957 0.495 0.583
2.947 0.495 0.473
2.938 0.494 0.366
2.945 0.496 0.261
2.946 0.497 0.157
2.959 0.483 0.803
2.960 0.484 0.692
2.970 0.487 0.585
2.947 0.484 0.473
2.942 0.484 0.366
2.937 0.484 0.260
2.942 0.485 0.156
2.947 0.471 0.800
2.971 0.475 0.695
2.968 0.476 0.584
2.961 0.476 0.475
2.956 0.476 0.368
2.949 0.475 0.261
2.954 0.477 0.157
2.969 0.480 0.052
2.972 0.464 0.806
2.982 0.466 0.697
2.952 0.463 0.581
2.970 0.466 0.476
2.957 0.465 0.368
2.938 0.463 0.260
2.973 0.469 0.158
2.951 0.467 0.052
2.968 0.453 0.804
2.972 0.454 0.694
2.961 0.454 0.582
2.972 0.456 0.476
2.952 0.455 0.261
2.951 0.455 0.156
2.952 0.457 0.052
2.973 0.443 0.805
2.978 0.445 0.695
2.978 0.446 0.585
2.966 0.444 0.475
2.964 0.445 0.368
2.985 0.449 0.264
2.951 0.445 0.156
2.992 0.452 0.053
2.971 0.432 0.804
2.983 0.435 0.696
2.980 0.435 0.585
2.965 0.434 0.475
2.976 0.436 0.369
2.971 0.437 0.263
2.954 0.435 0.156
2.989 0.441 0.053
2.990 0.425 0.697
2.974 0.424 0.584
2.968 0.424 0.475
2.975 0.426 0.369
2.962 0.425 0.262
2.977 0.427 0.158
2.987 0.430 0.053
3.001 0.415 0.812
3.000 0.416 0.699
2.981 0.414 0.585
2.986 0.415 0.477
2.977 0.415 0.369
2.980 0.417 0.263
2.985 0.418 0.158
2.992 0.420 0.053
2.992 0.403 0.809
2.992 0.405 0.587
2.993 0.406 0.478
2.966 0.403 0.368
2.991 0.408 0.264
2.978 0.406 0.158
3.000 0.410 0.053
3.019 0.396 0.816
3.003 0.395 0.699
2.996 0.395 0.587
2.983 0.394 0.476
2.976 0.394 0.369
2.994 0.397 0.264
2.988 0.397 0.158
3.003 0.400 0.053
3.002 0.384 0.699
2.988 0.384 0.477
2.997 0.386 0.371
2.984 0.385 0.263
2.995 0.387 0.158
3.008 0.390 0.053
3.004 0.374 0.811
2.994 0.374 0.587
2.987 0.374 0.477
2.994 0.376 0.370
2.975 0.374 0.262
2.996 0.378 0.158
3.004 0.379 0.053
2.998 0.362 0.809
3.026 0.366 0.704
2.986 0.362 0.585
3.004 0.365 0.479
2.995 0.365 0.370
2.998 0.367 0.264
3.003 0.368 0.159
2.995 0.368 0.053
3.009 0.353 0.812
3.017 0.354 0.701
3.003 0.354 0.588
3.013 0.356 0.481
2.987 0.353 0.369
2.997 0.356 0.264
2.983 0.355 0.157
3.022 0.360 0.053
3.019 0.354 -0.053
3.017 0.343 0.814
3.015 0.343 0.700
3.019 0.345 0.591
3.011 0.345 0.480
3.006 0.345 0.371
3.014 0.347 0.265
2.998 0.346 0.158
3.012 0.343 -0.053
3.011 0.331 0.812
3.024 0.334 0.702
3.025 0.335 0.592
3.010 0.334 0.480
3.013 0.335 0.372
3.001 0.336 0.158
3.027 0.339 0.053
3.013 0.332 -0.053
3.036 0.324 0.705
3.026 0.324 0.592
3.019 0.324 0.481
3.024 0.326 0.373
3.011 0.325 0.265
3.030 0.329 0.160
3.024 0.328 0.053
2.997 0.320 -0.053
3.019 0.311 0.813
3.049 0.315 0.708
3.023 0.313 0.591
3.024 0.315 0.482
3.015 0.314 0.372
3.018 0.316 0.265
3.029 0.318 0.053
3.012 0.311 -0.053
3.033 0.302 0.817
3.036 0.304 0.593
3.037 0.305 0.483
3.016 0.304 0.372
3.031 0.306 0.267
3.022 0.306 0.159
3.042 0.309 0.053
3.029 0.302 -0.053
3.052 0.293 0.821
3.042 0.293 0.705
3.036 0.294 0.483
3.027 0.294 0.373
3.036 0.296 0.267
3.019 0.296 0.159
3.039 0.298 0.053
3.022 0.290 -0.053
3.053 0.282 0.821
3.050 0.283 0.707
3.044 0.283 0.594
3.031 0.283 0.482
3.034 0.284 0.374
3.033 0.285 0.267
3.032 0.286 0.160
3.044 0.288 0.053
3.044 0.274 0.594
3.032 0.274 0.482
3.039 0.275 0.375
3.036 0.276 0.267
3.041 0.277 0.160
3.037 0.277 0.053
3.068 0.264 0.711
3.045 0.263 0.594
3.039 0.263 0.483
3.038 0.264 0.374
3.039 0.265 0.267
3.044 0.266 0.160
3.042 0.267 0.053
3.059 0.252 0.709
3.044 0.255 0.267
3.037 0.255 0.160
3.047 0.256 0.053
3.058 0.241 0.708
3.063 0.243 0.597
3.046 0.242 0.484
3.043 0.243 0.375
3.056 0.245 0.268
3.044 0.244 0.160
3.060 0.247 0.054
3.066 0.232 0.710
3.072 0.233 0.599
3.059 0.233 0.486
3.042 0.232 0.375
3.053 0.234 0.268
3.075 0.221 0.712
3.064 0.222 0.597
3.064 0.222 0.487
3.059 0.223 0.377
3.052 0.224 0.268
3.064 0.225 0.161
3.071 0.227 0.054
3.080 0.211 0.713
3.061 0.211 0.596
3.072 0.213 0.488
3.064 0.213 0.377
3.059 0.213 0.268
3.070 0.215 0.161
3.062 0.215 0.054
3.074 0.201 0.599
3.087 0.202 0.490
3.056 0.201 0.376
3.073 0.204 0.269
3.061 0.203 0.161
3.063 0.204 0.054
3.081 0.190 0.713
3.078 0.191 0.488
3.069 0.191 0.378
3.074 0.193 0.269
3.058 0.192 0.161
3.087 0.179 0.714
3.103 0.181 0.604
3.068 0.180 0.487
3.081 0.181 0.379
3.071 0.182 0.269
3.074 0.183 0.161
3.100 0.168 0.717
3.093 0.169 0.602
3.096 0.171 0.381
3.072 0.171 0.269
3.087 0.172 0.162
3.104 0.158 0.718
3.088 0.158 0.601
3.105 0.159 0.492
3.081 0.159 0.379
3.080 0.160 0.270
3.090 0.161 0.162
3.100 0.149 0.492
3.085 0.150 0.270
3.086 0.151 0.162
3.109 0.138 0.605
3.092 0.139 0.380
3.103 0.140 0.272
3.087 0.140 0.162
3.115 0.127 0.606
3.097 0.127 0.491
3.099 0.129 0.271
3.109 0.130 0.163
3.104 0.115 0.604
3.105 0.116 0.492
3.099 0.117 0.381
3.096 0.118 0.271
3.127 0.120 0.164
3.108 0.106 0.604
3.113 0.107 0.493
3.103 0.107 0.381
3.102 0.108 0.272
3.120 0.095 0.607
3.124 0.096 0.495
3.101 0.096 0.381
3.115 0.098 0.273
3.114 0.085 0.493
3.113 0.085 0.382
3.125 0.087 0.273
3.136 0.073 0.610
3.106 0.073 0.492
3.124 0.075 0.384
3.121 0.076 0.273
3.135 0.062 0.609
3.132 0.063 0.496
3.140 0.064 0.386
3.121 0.065 0.273
3.137 0.051 0.610
3.138 0.053 0.497
3.128 0.054 0.274
3.137 0.041 0.610
3.150 0.042 0.499
3.122 0.042 0.383
3.126 0.043 0.273
3.157 0.031 0.500
3.144 0.031 0.386
3.137 0.020 0.497
3.144 0.021 0.386
3.155 0.009 0.500
3.151 -0.002 0.499
3.144 -0.001 0.386
3.155 -0.013 0.500
3.136 -0.012 0.385
3.153 -0.024 0.499
3.152 -0.023 0.387
3.160 -0.034 0.388
3.156 -0.046 0.500
3.178 -0.058 0.503
3.170 -0.068 0.502
3.177 -0.079 0.503
