3.343 1.169 0.435
3.362 1.177 0.312
3.336 1.153 0.433
3.368 1.166 0.312
3.355 1.147 0.435
3.365 1.151 0.311
3.357 1.134 0.435
3.358 1.135 0.310
3.367 1.124 0.436
3.360 1.123 0.310
3.357 1.108 0.434
3.350 1.107 0.309
3.396 1.107 0.566
3.374 1.100 0.436
3.368 1.099 0.310
3.394 1.093 0.565
3.406 1.099 0.313
3.381 1.076 0.562
3.382 1.077 0.436
3.373 1.075 0.310
3.388 1.066 0.563
3.389 1.067 0.436
3.386 1.068 0.311
3.377 1.049 0.560
3.389 1.054 0.436
3.382 1.053 0.310
3.401 1.044 0.563
3.385 1.040 0.435
3.394 1.043 0.311
3.407 1.032 0.564
3.385 1.027 0.434
3.399 1.032 0.311
3.442 1.029 0.698
3.403 1.018 0.563
3.399 1.019 0.310
3.423 1.011 0.565
3.423 1.012 0.438
3.391 1.004 0.309
3.445 1.005 0.698
3.404 0.996 0.310
3.436 0.989 0.695
3.440 0.991 0.567
3.416 0.985 0.437
3.421 0.988 0.311
3.443 0.978 0.696
3.435 0.977 0.566
3.418 0.973 0.436
3.443 0.981 0.313
3.428 0.978 0.187
3.431 0.963 0.564
3.425 0.962 0.437
3.422 0.962 0.311
3.442 0.951 0.694
3.440 0.952 0.565
3.436 0.952 0.438
3.414 0.947 0.310
3.445 0.956 0.187
3.451 0.941 0.695
3.444 0.939 0.565
3.430 0.937 0.437
3.432 0.939 0.311
3.446 0.943 0.187
3.471 0.934 0.699
3.435 0.926 0.437
3.443 0.930 0.312
3.434 0.928 0.186
3.464 0.918 0.827
3.465 0.920 0.568
3.442 0.915 0.437
3.450 0.919 0.312
3.445 0.918 0.187
3.486 0.911 0.832
3.485 0.912 0.700
3.454 0.906 0.438
3.446 0.905 0.312
3.452 0.907 0.187
3.478 0.896 0.829
3.483 0.898 0.699
3.460 0.893 0.566
3.469 0.897 0.440
3.435 0.889 0.310
3.451 0.894 0.187
3.467 0.881 0.695
3.477 0.884 0.568
3.455 0.880 0.438
3.460 0.882 0.312
3.456 0.883 0.187
3.475 0.869 0.827
3.481 0.872 0.698
3.487 0.874 0.569
3.454 0.867 0.437
3.463 0.870 0.312
3.459 0.871 0.187
3.495 0.862 0.831
3.492 0.862 0.699
3.482 0.861 0.568
3.467 0.858 0.438
3.483 0.863 0.314
3.460 0.858 0.187
3.503 0.851 0.832
3.510 0.854 0.702
3.486 0.848 0.568
3.477 0.848 0.439
3.484 0.851 0.314
3.473 0.849 0.187
3.512 0.839 0.834
3.498 0.837 0.699
3.487 0.836 0.568
3.486 0.836 0.440
3.466 0.833 0.312
3.476 0.836 0.187
3.524 0.828 0.970
3.493 0.824 0.568
3.481 0.822 0.439
3.478 0.823 0.313
3.496 0.828 0.188
3.520 0.814 0.968
3.516 0.814 0.833
3.513 0.815 0.701
3.504 0.814 0.570
3.480 0.809 0.439
3.487 0.812 0.313
3.480 0.812 0.187
3.492 0.815 0.063
3.523 0.803 0.834
3.524 0.804 0.703
3.509 0.802 0.570
3.494 0.801 0.314
3.486 0.800 0.187
3.502 0.805 0.063
3.531 0.793 0.835
3.532 0.794 0.704
3.507 0.790 0.569
3.503 0.789 0.441
3.489 0.788 0.187
3.513 0.795 0.063
3.543 0.782 0.838
3.520 0.778 0.701
3.512 0.777 0.570
3.499 0.777 0.314
3.482 0.774 0.187
3.498 0.779 0.063
3.528 0.767 0.702
3.519 0.767 0.570
3.511 0.765 0.441
3.506 0.766 0.314
3.510 0.767 0.188
3.506 0.768 0.063
3.554 0.759 0.839
3.536 0.756 0.703
3.531 0.756 0.572
3.507 0.752 0.440
3.495 0.751 0.187
3.509 0.755 0.063
3.551 0.746 0.838
3.544 0.746 0.704
3.537 0.746 0.573
3.519 0.743 0.442
3.528 0.746 0.316
3.505 0.742 0.188
3.529 0.748 0.063
3.555 0.736 0.706
3.530 0.731 0.571
3.534 0.733 0.443
3.527 0.733 0.315
3.526 0.733 0.189
3.534 0.736 0.063
3.568 0.724 0.840
3.548 0.721 0.704
3.536 0.721 0.443
3.520 0.719 0.314
3.526 0.722 0.063
3.582 0.714 0.843
3.558 0.710 0.705
3.560 0.711 0.575
3.522 0.706 0.314
3.546 0.712 0.190
3.527 0.709 0.063
3.574 0.699 0.841
3.564 0.699 0.706
3.559 0.699 0.574
3.535 0.695 0.442
3.525 0.695 0.188
3.539 0.699 0.063
3.575 0.686 0.840
3.578 0.688 0.708
3.550 0.684 0.573
3.540 0.683 0.443
3.545 0.685 0.316
3.526 0.682 0.188
3.553 0.689 0.063
3.587 0.675 0.843
3.589 0.676 0.710
3.556 0.671 0.573
3.560 0.673 0.445
3.535 0.669 0.315
3.538 0.670 0.189
3.568 0.677 0.063
3.584 0.661 0.841
3.587 0.663 0.709
3.574 0.661 0.576
3.550 0.659 0.316
3.554 0.661 0.189
3.562 0.663 0.063
3.565 0.657 -0.063
3.585 0.651 0.708
3.576 0.650 0.576
3.564 0.649 0.445
3.548 0.647 0.316
3.576 0.653 0.191
3.564 0.652 0.063
3.577 0.648 -0.063
3.589 0.639 0.709
3.592 0.640 0.578
3.564 0.636 0.445
3.573 0.639 0.318
3.556 0.637 0.189
3.570 0.640 0.063
3.582 0.635 -0.063
3.603 0.628 0.711
3.567 0.624 0.445
3.580 0.627 0.318
3.555 0.624 0.189
3.579 0.629 0.063
3.562 0.619 -0.063
3.589 0.613 0.577
3.572 0.613 0.317
3.590 0.617 0.191
3.595 0.619 0.064
3.572 0.608 -0.063
3.607 0.603 0.711
3.593 0.601 0.577
3.585 0.601 0.446
3.591 0.605 0.064
3.586 0.598 -0.063
3.606 0.590 0.710
3.604 0.590 0.578
3.585 0.588 0.446
3.584 0.589 0.318
3.590 0.585 -0.063
3.619 0.579 0.712
3.587 0.576 0.446
3.602 0.579 0.319
3.575 0.576 0.190
3.595 0.580 0.064
3.621 0.566 0.712
3.608 0.565 0.578
3.599 0.565 0.447
3.604 0.567 0.319
3.575 0.564 0.190
3.637 0.556 0.715
3.614 0.554 0.579
3.614 0.554 0.449
3.602 0.554 0.319
3.587 0.553 0.190
3.613 0.557 0.064
3.635 0.543 0.714
3.626 0.543 0.581
3.619 0.544 0.320
3.604 0.543 0.191
3.613 0.544 0.064
3.626 0.530 0.450
3.621 0.531 0.320
3.620 0.532 0.192
3.613 0.532 0.064
3.654 0.519 0.717
3.643 0.519 0.583
3.628 0.520 0.192
3.628 0.521 0.064
3.656 0.507 0.717
3.647 0.507 0.583
3.628 0.505 0.450
3.625 0.506 0.320
3.630 0.508 0.064
3.645 0.493 0.583
3.645 0.494 0.452
3.629 0.493 0.320
3.622 0.493 0.192
3.656 0.482 0.584
3.657 0.483 0.453
3.634 0.481 0.321
3.633 0.482 0.192
3.666 0.470 0.585
3.648 0.469 0.452
3.646 0.470 0.322
3.642 0.456 0.451
3.657 0.459 0.322
3.642 0.458 0.192
3.661 0.444 0.584
3.667 0.446 0.454
3.665 0.447 0.323
3.648 0.445 0.193
3.688 0.437 0.325
3.653 0.433 0.193
3.684 0.420 0.587
3.682 0.421 0.455
3.675 0.423 0.194
3.691 0.409 0.588
3.688 0.409 0.456
3.673 0.409 0.323
3.676 0.410 0.194
3.693 0.396 0.588
3.673 0.394 0.454
3.677 0.396 0.324
3.698 0.383 0.589
3.680 0.382 0.454
3.693 0.369 0.588
3.694 0.371 0.456
3.681 0.371 0.324
3.706 0.358 0.590
3.717 0.360 0.458
3.690 0.359 0.324
3.702 0.344 0.589
3.716 0.347 0.458
3.700 0.346 0.325
3.705 0.334 0.325
3.710 0.320 0.457
3.727 0.308 0.459
3.727 0.283 0.459
3.732 0.270 0.459
3.737 0.257 0.460
3.748 0.245 0.461
