3.395 0.748 0.427
3.391 0.734 0.426
3.402 0.725 0.551
3.409 0.727 0.428
3.420 0.716 0.553
3.415 0.703 0.552
3.387 0.698 0.425
3.406 0.689 0.550
3.401 0.688 0.426
3.401 0.674 0.549
3.405 0.676 0.426
3.411 0.664 0.550
3.406 0.664 0.426
3.419 0.653 0.551
3.408 0.652 0.426
3.405 0.639 0.425
3.417 0.628 0.550
3.413 0.628 0.426
3.441 0.619 0.680
3.407 0.615 0.425
3.438 0.607 0.679
3.439 0.608 0.553
3.430 0.607 0.428
3.426 0.592 0.676
3.422 0.592 0.550
3.411 0.592 0.425
3.419 0.594 0.304
3.436 0.582 0.677
3.422 0.581 0.550
3.409 0.579 0.425
3.425 0.583 0.304
3.450 0.572 0.680
3.424 0.568 0.550
3.417 0.568 0.425
3.424 0.570 0.304
3.450 0.559 0.679
3.420 0.556 0.549
3.425 0.557 0.426
3.427 0.559 0.304
3.426 0.544 0.549
3.433 0.546 0.427
3.429 0.547 0.304
3.436 0.533 0.676
3.437 0.534 0.551
3.429 0.533 0.426
3.425 0.534 0.303
3.455 0.522 0.807
3.446 0.522 0.677
3.451 0.524 0.553
3.429 0.521 0.426
3.437 0.523 0.304
3.447 0.508 0.804
3.461 0.512 0.680
3.435 0.509 0.550
3.426 0.508 0.425
3.451 0.497 0.805
3.459 0.499 0.679
3.455 0.499 0.553
3.436 0.498 0.426
3.441 0.499 0.304
3.460 0.486 0.807
3.453 0.486 0.678
3.446 0.487 0.551
3.461 0.490 0.429
3.434 0.487 0.303
3.469 0.475 0.808
3.443 0.473 0.675
3.456 0.475 0.553
3.430 0.473 0.425
3.446 0.476 0.304
3.452 0.460 0.804
3.456 0.462 0.678
3.465 0.464 0.554
3.433 0.461 0.425
3.448 0.464 0.304
3.471 0.450 0.808
3.471 0.451 0.680
3.459 0.451 0.553
3.441 0.449 0.426
3.455 0.452 0.305
3.467 0.439 0.679
3.451 0.438 0.551
3.440 0.438 0.426
3.447 0.440 0.304
3.451 0.441 0.182
3.438 0.421 0.928
3.470 0.426 0.807
3.466 0.427 0.553
3.459 0.428 0.428
3.446 0.427 0.304
3.447 0.428 0.182
3.461 0.412 0.934
3.475 0.414 0.808
3.452 0.413 0.676
3.447 0.414 0.426
3.450 0.416 0.304
3.458 0.417 0.183
3.479 0.402 0.938
3.469 0.401 0.806
3.469 0.404 0.553
3.441 0.401 0.425
3.465 0.405 0.305
3.460 0.405 0.183
3.483 0.391 0.939
3.468 0.390 0.806
3.482 0.392 0.681
3.463 0.391 0.552
3.460 0.392 0.428
3.472 0.394 0.306
3.474 0.377 0.936
3.476 0.378 0.807
3.488 0.381 0.682
3.469 0.381 0.428
3.456 0.380 0.304
3.456 0.381 0.182
3.479 0.365 0.937
3.481 0.366 0.808
3.475 0.366 0.679
3.471 0.367 0.553
3.466 0.367 0.428
3.449 0.367 0.303
3.470 0.370 0.183
3.494 0.354 0.941
3.484 0.354 0.808
3.471 0.354 0.678
3.486 0.356 0.555
3.476 0.356 0.429
3.457 0.355 0.304
3.467 0.357 0.183
3.485 0.343 0.808
3.480 0.344 0.680
3.491 0.346 0.556
3.455 0.343 0.426
3.471 0.346 0.305
3.464 0.346 0.182
3.495 0.330 0.941
3.496 0.332 0.811
3.487 0.332 0.681
3.481 0.332 0.554
3.468 0.332 0.428
3.465 0.333 0.305
3.461 0.333 0.182
3.482 0.320 0.554
3.475 0.321 0.428
3.460 0.320 0.304
3.470 0.323 0.183
3.476 0.305 0.935
3.493 0.308 0.682
3.477 0.310 0.305
3.477 0.311 0.183
3.494 0.293 0.940
3.501 0.295 0.811
3.484 0.294 0.680
3.488 0.296 0.554
3.469 0.295 0.428
3.506 0.300 0.184
3.485 0.299 0.061
3.495 0.281 0.940
3.492 0.282 0.809
3.497 0.284 0.556
3.472 0.283 0.428
3.479 0.285 0.305
3.486 0.287 0.061
3.494 0.268 0.939
3.497 0.270 0.810
3.506 0.272 0.683
3.488 0.271 0.554
3.481 0.272 0.429
3.486 0.273 0.306
3.476 0.274 0.183
3.497 0.276 0.061
3.497 0.256 0.940
3.504 0.258 0.811
3.509 0.260 0.684
3.490 0.260 0.430
3.477 0.260 0.305
3.483 0.262 0.183
3.504 0.264 0.061
3.498 0.245 0.940
3.511 0.247 0.813
3.502 0.247 0.682
3.494 0.248 0.555
3.493 0.249 0.430
3.478 0.249 0.305
3.484 0.250 0.183
3.494 0.252 0.061
3.502 0.233 0.941
3.517 0.235 0.814
3.500 0.235 0.682
3.500 0.236 0.556
3.488 0.236 0.429
3.487 0.237 0.306
3.493 0.239 0.183
3.489 0.239 0.061
3.507 0.221 0.942
3.495 0.222 0.681
3.501 0.223 0.556
3.497 0.224 0.430
3.491 0.225 0.306
3.486 0.225 0.183
3.498 0.227 0.061
3.515 0.209 0.813
3.505 0.212 0.431
3.510 0.213 0.308
3.487 0.213 0.183
3.507 0.215 0.061
3.506 0.197 0.811
3.520 0.199 0.685
3.499 0.199 0.555
3.501 0.201 0.307
3.495 0.202 0.183
3.516 0.204 0.061
3.513 0.187 0.684
3.505 0.187 0.556
3.503 0.188 0.431
3.498 0.189 0.306
3.504 0.190 0.184
3.500 0.191 0.061
3.531 0.174 0.816
3.508 0.174 0.683
3.512 0.175 0.557
3.499 0.175 0.430
3.492 0.176 0.306
3.509 0.178 0.184
3.511 0.179 0.061
3.525 0.161 0.815
3.518 0.163 0.558
3.498 0.163 0.430
3.515 0.165 0.308
3.501 0.165 0.184
3.519 0.167 0.062
3.518 0.148 0.813
3.525 0.150 0.686
3.507 0.150 0.556
3.506 0.151 0.431
3.507 0.152 0.307
3.502 0.152 0.184
3.522 0.154 0.062
3.519 0.136 0.813
3.535 0.138 0.688
3.498 0.137 0.554
3.515 0.139 0.432
3.498 0.139 0.306
3.504 0.140 0.184
3.531 0.142 0.062
3.554 0.126 0.821
3.522 0.126 0.685
3.516 0.127 0.557
3.515 0.128 0.432
3.500 0.128 0.306
3.507 0.129 0.184
3.519 0.131 0.061
3.544 0.116 0.562
3.520 0.116 0.432
3.505 0.116 0.307
3.519 0.117 0.185
3.519 0.119 0.061
3.549 0.101 0.820
3.536 0.102 0.688
3.502 0.103 0.430
3.513 0.104 0.307
3.516 0.105 0.184
3.524 0.106 0.062
3.530 0.088 0.815
3.546 0.090 0.690
3.527 0.090 0.559
3.506 0.091 0.431
3.517 0.092 0.308
3.518 0.093 0.184
3.534 0.094 0.062
3.530 0.076 0.815
3.541 0.077 0.688
3.519 0.077 0.558
3.525 0.079 0.433
3.526 0.080 0.309
3.543 0.082 0.062
3.535 0.065 0.687
3.535 0.065 0.560
3.525 0.066 0.433
3.504 0.067 0.307
3.533 0.052 0.687
3.545 0.054 0.562
3.525 0.054 0.433
3.528 0.055 0.309
3.537 0.057 0.185
3.540 0.041 0.561
3.521 0.042 0.432
3.528 0.043 0.309
3.523 0.044 0.185
3.546 0.028 0.689
3.534 0.028 0.560
3.525 0.030 0.433
3.532 0.031 0.309
3.527 0.032 0.185
3.567 0.016 0.693
3.538 0.016 0.560
3.537 0.017 0.434
3.524 0.018 0.308
3.531 0.020 0.185
3.552 0.005 0.563
3.543 0.006 0.435
3.525 0.007 0.308
3.543 0.007 0.186
3.555 -0.009 0.691
3.558 -0.008 0.563
3.543 -0.007 0.435
3.529 -0.006 0.309
3.547 -0.004 0.186
3.548 -0.021 0.690
3.556 -0.020 0.563
3.535 -0.019 0.434
3.571 -0.034 0.694
3.552 -0.032 0.563
3.541 -0.032 0.435
3.563 -0.047 0.693
3.551 -0.045 0.563
3.553 -0.045 0.436
3.560 -0.043 0.311
3.555 -0.059 0.691
3.551 -0.058 0.563
3.563 -0.057 0.438
3.534 -0.056 0.309
3.553 -0.072 0.691
3.563 -0.071 0.564
3.553 -0.070 0.436
3.542 -0.069 0.310
3.567 -0.084 0.565
3.544 -0.082 0.435
3.555 -0.081 0.311
3.552 -0.094 0.563
3.554 -0.094 0.437
3.559 -0.093 0.311
3.552 -0.107 0.563
3.552 -0.106 0.436
3.545 -0.105 0.310
3.566 -0.120 0.565
3.571 -0.120 0.439
3.581 -0.134 0.568
3.576 -0.146 0.567
3.566 -0.144 0.438
3.572 -0.158 0.566
3.558 -0.157 0.437
3.575 -0.169 0.567
3.573 -0.169 0.439
3.579 -0.182 0.568
3.577 -0.181 0.440
3.584 -0.195 0.568
3.566 -0.193 0.438
3.591 -0.208 0.570
3.567 -0.206 0.439
3.601 -0.235 0.572
