3.219 0.854 0.527
3.209 0.840 0.525
3.212 0.828 0.525
3.218 0.818 0.526
3.221 0.806 0.526
3.228 0.797 0.527
3.232 0.786 0.527
3.227 0.785 0.408
3.220 0.772 0.524
3.231 0.775 0.408
3.228 0.762 0.525
3.230 0.763 0.408
3.238 0.752 0.527
3.223 0.749 0.406
3.245 0.741 0.527
3.220 0.737 0.406
3.242 0.729 0.526
3.240 0.730 0.408
3.251 0.718 0.647
3.235 0.715 0.525
3.248 0.720 0.409
3.246 0.705 0.646
3.245 0.706 0.526
3.251 0.708 0.409
3.241 0.692 0.644
3.247 0.694 0.526
3.244 0.695 0.407
3.251 0.683 0.646
3.253 0.684 0.527
3.252 0.685 0.408
3.271 0.691 0.292
3.240 0.669 0.643
3.252 0.672 0.526
3.252 0.673 0.408
3.260 0.676 0.291
3.263 0.662 0.647
3.246 0.660 0.525
3.266 0.664 0.409
3.264 0.665 0.291
3.256 0.649 0.645
3.251 0.648 0.525
3.259 0.651 0.408
3.253 0.651 0.290
3.254 0.637 0.645
3.262 0.639 0.527
3.263 0.640 0.408
3.267 0.642 0.291
3.268 0.628 0.647
3.284 0.632 0.530
3.259 0.628 0.408
3.285 0.634 0.293
3.278 0.618 0.648
3.271 0.617 0.527
3.263 0.617 0.408
3.275 0.620 0.292
3.267 0.605 0.526
3.267 0.606 0.408
3.267 0.607 0.291
3.281 0.593 0.770
3.278 0.594 0.648
3.269 0.594 0.526
3.281 0.596 0.409
3.264 0.594 0.290
3.295 0.584 0.772
3.269 0.580 0.645
3.269 0.581 0.526
3.275 0.583 0.409
3.274 0.584 0.291
3.289 0.588 0.175
3.270 0.568 0.766
3.275 0.570 0.646
3.291 0.574 0.529
3.285 0.575 0.292
3.289 0.576 0.175
3.286 0.560 0.648
3.269 0.558 0.525
3.277 0.560 0.408
3.291 0.564 0.292
3.284 0.563 0.175
3.289 0.547 0.770
3.298 0.550 0.650
3.281 0.548 0.527
3.279 0.549 0.408
3.281 0.550 0.291
3.291 0.553 0.175
3.293 0.536 0.770
3.284 0.536 0.647
3.289 0.537 0.528
3.289 0.539 0.409
3.287 0.539 0.291
3.327 0.547 0.177
3.293 0.524 0.770
3.288 0.525 0.647
3.289 0.526 0.527
3.291 0.527 0.409
3.315 0.532 0.294
3.313 0.532 0.176
3.295 0.513 0.770
3.290 0.513 0.647
3.296 0.515 0.528
3.285 0.514 0.408
3.315 0.520 0.294
3.315 0.521 0.176
3.289 0.500 0.768
3.301 0.503 0.649
3.310 0.506 0.530
3.293 0.504 0.409
3.328 0.510 0.295
3.301 0.507 0.175
3.300 0.490 0.770
3.311 0.493 0.651
3.298 0.493 0.409
3.298 0.494 0.292
3.312 0.497 0.176
3.311 0.481 0.772
3.294 0.480 0.527
3.312 0.484 0.411
3.300 0.483 0.292
3.328 0.489 0.059
3.309 0.469 0.772
3.302 0.469 0.648
3.305 0.470 0.529
3.300 0.470 0.409
3.308 0.473 0.292
3.328 0.476 0.176
3.343 0.479 0.059
3.324 0.459 0.899
3.305 0.457 0.770
3.318 0.460 0.531
3.303 0.460 0.409
3.323 0.463 0.294
3.319 0.464 0.176
3.349 0.469 0.059
3.297 0.443 0.891
3.310 0.446 0.771
3.321 0.448 0.651
3.306 0.447 0.528
3.318 0.450 0.411
3.329 0.452 0.294
3.311 0.451 0.175
3.352 0.457 0.059
3.312 0.434 0.895
3.314 0.434 0.772
3.329 0.438 0.653
3.312 0.437 0.529
3.322 0.439 0.411
3.320 0.439 0.293
3.332 0.442 0.176
3.352 0.445 0.059
3.302 0.420 0.892
3.323 0.424 0.773
3.313 0.424 0.649
3.313 0.424 0.529
3.331 0.428 0.412
3.326 0.428 0.293
3.344 0.431 0.177
3.358 0.434 0.059
3.311 0.410 0.894
3.336 0.414 0.776
3.316 0.412 0.650
3.327 0.414 0.531
3.321 0.415 0.411
3.331 0.417 0.294
3.357 0.422 0.177
3.363 0.423 0.059
3.322 0.400 0.897
3.322 0.400 0.772
3.325 0.402 0.651
3.324 0.402 0.530
3.328 0.404 0.412
3.344 0.407 0.295
3.339 0.408 0.176
3.356 0.410 0.059
3.329 0.389 0.898
3.325 0.389 0.773
3.334 0.392 0.653
3.321 0.391 0.530
3.342 0.396 0.294
3.348 0.397 0.177
3.356 0.399 0.059
3.369 0.394 -0.059
3.325 0.376 0.897
3.346 0.380 0.777
3.355 0.382 0.656
3.335 0.381 0.532
3.349 0.383 0.414
3.335 0.383 0.294
3.365 0.388 0.059
3.368 0.382 -0.059
3.343 0.368 0.777
3.334 0.369 0.531
3.331 0.371 0.293
3.349 0.374 0.177
3.361 0.376 0.059
3.375 0.371 -0.059
3.333 0.354 0.898
3.350 0.357 0.778
3.336 0.357 0.652
3.331 0.357 0.531
3.345 0.359 0.413
3.344 0.360 0.294
3.362 0.363 0.177
3.362 0.364 0.059
3.386 0.360 -0.059
3.344 0.344 0.901
3.343 0.345 0.653
3.342 0.347 0.532
3.335 0.346 0.412
3.341 0.348 0.294
3.345 0.350 0.176
3.375 0.354 0.059
3.388 0.348 -0.059
3.349 0.333 0.777
3.354 0.335 0.655
3.339 0.334 0.532
3.348 0.336 0.413
3.362 0.339 0.296
3.336 0.337 0.176
3.380 0.342 0.059
3.377 0.335 -0.059
3.336 0.320 0.898
3.354 0.322 0.778
3.351 0.323 0.654
3.337 0.322 0.531
3.353 0.325 0.414
3.361 0.327 0.295
3.357 0.327 0.177
3.397 0.332 0.060
3.454 0.331 -0.061
3.334 0.307 0.897
3.359 0.310 0.779
3.355 0.311 0.655
3.346 0.311 0.532
3.362 0.314 0.415
3.345 0.313 0.294
3.363 0.315 0.177
3.383 0.319 0.059
3.346 0.297 0.900
3.368 0.299 0.781
3.356 0.299 0.655
3.351 0.300 0.533
3.349 0.301 0.413
3.365 0.303 0.296
3.397 0.307 0.179
3.384 0.307 0.059
3.351 0.285 0.901
3.363 0.287 0.779
3.361 0.288 0.656
3.373 0.290 0.536
3.352 0.289 0.413
3.402 0.295 0.299
3.363 0.292 0.177
3.389 0.295 0.059
3.360 0.274 0.903
3.374 0.276 0.781
3.383 0.278 0.660
3.380 0.279 0.537
3.363 0.278 0.414
3.379 0.281 0.297
3.366 0.280 0.177
3.408 0.285 0.060
3.355 0.262 0.902
3.362 0.265 0.534
3.378 0.268 0.416
3.367 0.269 0.177
3.413 0.273 0.060
3.383 0.253 0.783
3.381 0.254 0.659
3.368 0.254 0.535
3.375 0.256 0.416
3.375 0.257 0.296
3.378 0.258 0.178
3.411 0.261 0.060
3.384 0.241 0.783
3.368 0.241 0.656
3.357 0.241 0.533
3.374 0.244 0.415
3.384 0.246 0.297
3.384 0.246 0.178
3.408 0.249 0.060
3.373 0.229 0.781
3.378 0.231 0.536
3.365 0.231 0.414
3.387 0.234 0.297
3.381 0.234 0.178
3.419 0.238 0.060
3.395 0.220 0.661
3.375 0.219 0.536
3.373 0.220 0.415
3.396 0.223 0.298
3.380 0.222 0.178
3.420 0.226 0.060
3.390 0.207 0.784
3.400 0.209 0.662
3.375 0.208 0.536
3.388 0.210 0.417
3.396 0.211 0.298
3.395 0.212 0.178
3.421 0.215 0.060
3.389 0.195 0.784
3.397 0.196 0.661
3.380 0.196 0.536
3.397 0.198 0.418
3.383 0.199 0.297
3.407 0.201 0.179
3.427 0.203 0.060
3.411 0.184 0.789
3.386 0.184 0.659
3.397 0.185 0.539
3.393 0.186 0.417
3.416 0.189 0.299
3.428 0.190 0.180
3.416 0.190 0.060
3.394 0.171 0.785
3.401 0.173 0.539
3.403 0.177 0.179
3.402 0.160 0.662
3.396 0.161 0.538
3.409 0.163 0.419
3.417 0.164 0.299
3.419 0.149 0.665
3.406 0.149 0.540
3.407 0.151 0.419
3.400 0.152 0.178
3.415 0.138 0.664
3.399 0.138 0.539
3.408 0.140 0.298
3.420 0.142 0.179
3.406 0.125 0.662
3.406 0.127 0.418
3.409 0.129 0.298
3.427 0.130 0.180
3.427 0.115 0.543
3.404 0.115 0.418
3.429 0.117 0.300
3.419 0.118 0.179
3.426 0.102 0.666
3.426 0.103 0.543
3.423 0.104 0.420
3.433 0.105 0.301
3.416 0.106 0.179
3.434 0.091 0.668
3.412 0.092 0.541
3.431 0.093 0.421
3.434 0.094 0.301
3.428 0.095 0.180
3.429 0.079 0.667
3.436 0.080 0.544
3.451 0.081 0.424
3.410 0.067 0.663
3.438 0.070 0.301
3.453 0.072 0.181
3.445 0.057 0.546
3.428 0.057 0.421
3.450 0.058 0.302
3.445 0.060 0.181
3.435 0.044 0.544
3.434 0.044 0.422
3.456 0.046 0.302
3.433 0.031 0.544
3.446 0.032 0.423
3.443 0.020 0.545
3.459 0.022 0.303
3.453 0.007 0.547
3.440 0.008 0.422
3.451 0.010 0.302
3.450 -0.003 0.424
3.457 -0.002 0.302
3.455 -0.016 0.547
3.454 -0.015 0.424
3.475 -0.014 0.304
3.453 -0.028 0.547
3.468 -0.039 0.426
3.463 -0.038 0.303
3.466 -0.051 0.426
3.478 -0.050 0.304
3.461 -0.063 0.425
3.476 -0.062 0.304
3.471 -0.076 0.426
3.484 -0.075 0.305
3.487 -0.088 0.428
3.488 -0.100 0.428
3.470 -0.111 0.426
3.478 -0.124 0.427
3.549 -0.139 0.436
