2.483 1.163 0.337
2.480 1.163 0.240
2.483 1.153 0.336
2.485 1.143 0.336
2.505 1.153 0.241
2.480 1.130 0.335
2.500 1.140 0.240
2.488 1.123 0.335
2.498 1.129 0.240
2.502 1.119 0.337
2.489 1.115 0.239
2.514 1.114 0.436
2.510 1.112 0.337
2.510 1.113 0.240
2.504 1.100 0.336
2.502 1.100 0.239
2.525 1.098 0.436
2.505 1.090 0.335
2.524 1.100 0.241
2.513 1.083 0.433
2.512 1.083 0.336
2.519 1.087 0.240
2.509 1.070 0.432
2.516 1.074 0.336
2.523 1.078 0.240
2.516 1.064 0.433
2.534 1.071 0.338
2.516 1.065 0.239
2.526 1.057 0.434
2.525 1.057 0.336
2.523 1.057 0.239
2.535 1.051 0.435
2.525 1.047 0.336
2.534 1.052 0.240
2.539 1.041 0.534
2.522 1.035 0.432
2.532 1.040 0.336
2.556 1.051 0.242
2.547 1.034 0.534
2.525 1.026 0.432
2.539 1.033 0.337
2.552 1.039 0.241
2.541 1.022 0.532
2.534 1.020 0.433
2.552 1.028 0.338
2.535 1.022 0.239
2.537 1.010 0.531
2.542 1.012 0.433
2.550 1.016 0.337
2.541 1.014 0.239
2.580 1.030 0.146
2.552 1.005 0.533
2.564 1.010 0.436
2.545 1.004 0.336
2.559 1.011 0.241
2.558 1.011 0.144
2.552 0.995 0.532
2.553 0.996 0.434
2.539 0.991 0.335
2.565 1.002 0.241
2.556 1.000 0.144
2.546 0.981 0.630
2.562 0.989 0.534
2.549 0.984 0.433
2.553 0.987 0.336
2.572 0.995 0.241
2.570 0.995 0.144
2.564 0.978 0.633
2.555 0.976 0.532
2.552 0.975 0.433
2.564 0.981 0.337
2.553 0.977 0.239
2.576 0.987 0.145
2.565 0.968 0.633
2.558 0.967 0.532
2.563 0.969 0.434
2.566 0.971 0.337
2.562 0.971 0.240
2.596 0.984 0.145
2.567 0.959 0.633
2.565 0.959 0.532
2.566 0.960 0.434
2.562 0.959 0.336
2.567 0.962 0.240
2.573 0.966 0.144
2.554 0.944 0.629
2.582 0.955 0.535
2.570 0.951 0.434
2.567 0.951 0.336
2.602 0.965 0.243
2.582 0.959 0.144
2.566 0.938 0.631
2.590 0.948 0.536
2.565 0.940 0.433
2.574 0.943 0.337
2.594 0.952 0.242
2.593 0.952 0.145
2.546 0.919 0.725
2.573 0.930 0.632
2.573 0.932 0.532
2.574 0.932 0.434
2.583 0.937 0.337
2.581 0.937 0.240
2.602 0.945 0.145
2.583 0.924 0.633
2.573 0.922 0.531
2.583 0.926 0.435
2.582 0.927 0.337
2.586 0.929 0.240
2.622 0.943 0.146
2.577 0.911 0.732
2.579 0.913 0.632
2.583 0.915 0.533
2.578 0.915 0.336
2.598 0.923 0.241
2.612 0.929 0.145
2.577 0.901 0.731
2.579 0.903 0.631
2.592 0.908 0.534
2.597 0.911 0.436
2.587 0.908 0.337
2.600 0.913 0.241
2.611 0.919 0.145
2.573 0.889 0.729
2.600 0.900 0.635
2.593 0.899 0.534
2.592 0.899 0.435
2.595 0.901 0.337
2.593 0.901 0.240
2.605 0.906 0.145
2.563 0.876 0.726
2.607 0.892 0.636
2.606 0.893 0.535
2.605 0.893 0.436
2.612 0.896 0.339
2.589 0.889 0.240
2.620 0.901 0.145
2.649 0.912 0.049
2.573 0.869 0.728
2.607 0.882 0.635
2.604 0.883 0.436
2.590 0.879 0.336
2.590 0.880 0.239
2.623 0.891 0.145
2.620 0.891 0.048
2.593 0.866 0.732
2.595 0.868 0.632
2.606 0.873 0.534
2.624 0.880 0.438
2.599 0.872 0.337
2.616 0.878 0.241
2.617 0.879 0.145
2.640 0.888 0.049
2.590 0.855 0.731
2.605 0.861 0.633
2.615 0.865 0.535
2.605 0.862 0.435
2.604 0.863 0.337
2.627 0.872 0.242
2.623 0.871 0.145
2.641 0.878 0.049
2.590 0.845 0.730
2.612 0.853 0.634
2.608 0.853 0.435
2.615 0.856 0.338
2.618 0.858 0.241
2.627 0.862 0.145
2.654 0.872 0.049
2.611 0.841 0.735
2.617 0.844 0.635
2.627 0.848 0.537
2.615 0.845 0.435
2.625 0.849 0.339
2.633 0.853 0.242
2.637 0.855 0.145
2.648 0.859 0.049
2.631 0.839 0.638
2.611 0.834 0.533
2.621 0.838 0.436
2.619 0.838 0.338
2.617 0.838 0.240
2.651 0.850 0.146
2.654 0.852 0.049
2.613 0.822 0.734
2.623 0.826 0.635
2.629 0.829 0.536
2.612 0.826 0.336
2.627 0.831 0.241
2.645 0.837 0.145
2.659 0.843 0.049
2.617 0.815 0.735
2.620 0.816 0.633
2.637 0.822 0.537
2.627 0.820 0.436
2.624 0.820 0.338
2.632 0.823 0.241
2.644 0.827 0.145
2.666 0.835 0.049
2.617 0.804 0.733
2.637 0.811 0.637
2.649 0.816 0.539
2.628 0.810 0.436
2.631 0.812 0.338
2.627 0.812 0.241
2.647 0.818 0.145
2.672 0.827 0.049
2.616 0.794 0.732
2.642 0.803 0.638
2.641 0.803 0.537
2.629 0.800 0.435
2.651 0.808 0.340
2.628 0.802 0.240
2.655 0.811 0.145
2.668 0.816 0.049
2.619 0.785 0.732
2.652 0.796 0.639
2.640 0.793 0.536
2.637 0.793 0.436
2.640 0.795 0.339
2.640 0.796 0.241
2.662 0.803 0.146
2.632 0.779 0.736
2.638 0.782 0.635
2.650 0.786 0.537
2.655 0.788 0.439
2.635 0.783 0.338
2.651 0.789 0.242
2.668 0.794 0.146
2.671 0.796 0.049
2.639 0.771 0.737
2.639 0.772 0.635
2.660 0.779 0.539
2.650 0.776 0.437
2.642 0.775 0.338
2.651 0.779 0.242
2.660 0.782 0.145
2.680 0.789 0.049
2.634 0.760 0.735
2.644 0.763 0.635
2.661 0.769 0.538
2.647 0.766 0.436
2.656 0.769 0.340
2.666 0.773 0.243
2.660 0.772 0.145
2.690 0.782 0.049
2.626 0.747 0.731
2.646 0.754 0.635
2.662 0.759 0.538
2.671 0.762 0.440
2.676 0.765 0.342
2.668 0.764 0.243
2.669 0.764 0.145
2.683 0.769 0.049
2.708 0.771 -0.049
2.637 0.742 0.734
2.658 0.748 0.638
2.659 0.749 0.537
2.667 0.752 0.439
2.654 0.749 0.339
2.673 0.756 0.243
2.669 0.756 0.145
2.682 0.760 0.049
2.712 0.763 -0.049
2.651 0.736 0.737
2.655 0.737 0.636
2.665 0.741 0.538
2.674 0.744 0.440
2.668 0.743 0.340
2.689 0.750 0.244
2.689 0.751 0.146
2.692 0.753 0.049
2.713 0.753 -0.049
2.663 0.728 0.740
2.665 0.730 0.638
2.675 0.733 0.539
2.676 0.735 0.440
2.672 0.734 0.340
2.682 0.738 0.243
2.686 0.739 0.146
2.705 0.746 0.049
2.718 0.743 -0.049
2.654 0.716 0.737
2.694 0.727 0.644
2.684 0.726 0.540
2.670 0.722 0.438
2.682 0.727 0.341
2.677 0.726 0.243
2.691 0.731 0.146
2.707 0.736 0.049
2.705 0.730 -0.049
2.657 0.707 0.737
2.680 0.714 0.640
2.677 0.714 0.538
2.672 0.714 0.438
2.691 0.719 0.342
2.677 0.717 0.242
2.691 0.722 0.146
2.702 0.725 0.049
2.727 0.726 -0.049
2.667 0.700 0.739
2.697 0.709 0.644
2.673 0.703 0.537
2.684 0.707 0.440
2.683 0.708 0.243
2.719 0.719 0.147
2.737 0.719 -0.049
2.676 0.692 0.741
2.683 0.694 0.640
2.685 0.696 0.539
2.690 0.698 0.440
2.690 0.699 0.341
2.688 0.699 0.243
2.700 0.703 0.146
2.719 0.709 0.049
2.741 0.709 -0.049
2.685 0.684 0.742
2.681 0.684 0.639
2.703 0.690 0.542
2.687 0.687 0.439
2.687 0.688 0.341
2.704 0.693 0.244
2.699 0.693 0.146
2.721 0.699 0.049
2.726 0.695 -0.049
2.674 0.672 0.739
2.693 0.677 0.641
2.682 0.676 0.438
2.702 0.682 0.342
2.717 0.687 0.147
2.731 0.692 0.049
2.680 0.663 0.740
2.709 0.671 0.644
2.704 0.671 0.542
2.688 0.667 0.439
2.699 0.671 0.341
2.701 0.672 0.244
2.715 0.676 0.147
2.726 0.680 0.049
2.735 0.677 -0.049
2.684 0.654 0.740
2.707 0.660 0.643
2.699 0.659 0.540
2.725 0.667 0.444
2.709 0.663 0.342
2.711 0.665 0.244
2.733 0.671 0.147
2.732 0.672 0.049
2.753 0.671 -0.049
2.698 0.648 0.641
2.701 0.650 0.540
2.707 0.653 0.342
2.711 0.655 0.244
2.722 0.658 0.147
2.738 0.663 0.049
2.751 0.661 -0.049
2.700 0.638 0.743
2.691 0.637 0.638
2.707 0.641 0.541
2.727 0.647 0.444
2.717 0.645 0.343
2.725 0.648 0.245
2.745 0.654 0.049
2.750 0.650 -0.049
2.712 0.632 0.643
2.713 0.633 0.542
2.703 0.631 0.440
2.735 0.640 0.345
2.737 0.641 0.246
2.738 0.642 0.147
2.764 0.649 0.050
2.748 0.640 -0.049
2.728 0.625 0.646
2.715 0.623 0.542
2.718 0.625 0.442
2.733 0.629 0.344
2.753 0.636 0.049
2.797 0.642 -0.150
2.732 0.616 0.647
2.732 0.619 0.344
2.738 0.621 0.246
2.760 0.627 0.148
2.753 0.626 0.049
2.780 0.626 -0.050
2.767 0.624 -0.149
2.730 0.606 0.646
2.729 0.607 0.543
2.736 0.609 0.444
2.724 0.607 0.343
2.755 0.615 0.247
2.750 0.614 0.148
2.765 0.619 0.049
2.790 0.618 -0.050
2.765 0.614 -0.148
2.728 0.595 0.645
2.737 0.598 0.545
2.736 0.599 0.444
2.740 0.600 0.344
2.744 0.602 0.246
2.749 0.604 0.147
2.767 0.609 0.049
2.770 0.604 -0.049
2.798 0.611 -0.150
2.736 0.588 0.646
2.731 0.588 0.442
2.750 0.593 0.345
2.762 0.598 0.148
2.777 0.602 0.050
2.772 0.595 -0.049
2.804 0.603 -0.150
2.742 0.579 0.647
2.749 0.582 0.546
2.740 0.580 0.444
2.752 0.584 0.345
2.738 0.582 0.245
2.766 0.588 0.148
2.777 0.592 0.050
2.788 0.589 -0.050
2.808 0.594 -0.150
2.755 0.572 0.650
2.743 0.570 0.545
2.769 0.576 0.448
2.758 0.575 0.346
2.756 0.575 0.246
2.768 0.578 0.148
2.777 0.581 0.050
2.794 0.579 -0.050
2.746 0.560 0.647
2.745 0.560 0.545
2.750 0.563 0.345
2.758 0.566 0.246
2.783 0.572 0.050
2.808 0.572 -0.050
2.748 0.551 0.647
2.758 0.554 0.547
2.769 0.557 0.447
2.750 0.553 0.344
2.768 0.558 0.247
2.755 0.556 0.147
2.793 0.565 0.050
2.806 0.562 -0.050
2.761 0.543 0.650
2.772 0.546 0.549
2.764 0.545 0.446
2.796 0.553 0.350
2.769 0.548 0.247
2.772 0.549 0.148
2.803 0.557 0.050
2.796 0.550 -0.050
2.767 0.534 0.651
2.766 0.535 0.548
2.769 0.536 0.447
2.764 0.537 0.246
2.780 0.541 0.148
2.787 0.543 0.050
2.810 0.542 -0.050
2.756 0.523 0.545
2.773 0.527 0.447
2.783 0.529 0.348
2.773 0.529 0.247
2.790 0.533 0.149
2.820 0.533 -0.050
2.761 0.513 0.648
2.770 0.516 0.548
2.787 0.520 0.449
2.779 0.519 0.347
2.806 0.525 0.250
2.792 0.523 0.149
2.820 0.529 0.050
2.813 0.522 -0.050
2.789 0.509 0.551
2.781 0.508 0.448
2.782 0.510 0.347
2.824 0.518 0.251
2.793 0.514 0.149
2.814 0.518 0.050
2.802 0.502 0.553
2.767 0.496 0.445
2.800 0.503 0.349
2.800 0.504 0.249
2.803 0.505 0.149
2.826 0.510 0.050
2.792 0.490 0.551
2.811 0.497 0.150
2.828 0.500 0.050
2.788 0.479 0.550
2.801 0.482 0.450
2.794 0.482 0.348
2.790 0.482 0.248
2.822 0.488 0.150
2.829 0.490 0.050
2.798 0.471 0.551
2.799 0.472 0.349
2.811 0.475 0.249
2.839 0.482 0.050
2.803 0.462 0.552
2.809 0.463 0.451
2.814 0.465 0.350
2.825 0.468 0.250
2.818 0.467 0.150
2.845 0.472 0.050
2.816 0.454 0.554
2.800 0.452 0.449
2.822 0.456 0.351
2.828 0.458 0.251
2.827 0.458 0.150
2.814 0.444 0.554
2.819 0.446 0.452
2.818 0.447 0.250
2.829 0.449 0.150
2.812 0.433 0.553
2.829 0.436 0.453
2.823 0.437 0.351
2.835 0.439 0.251
2.850 0.442 0.151
2.821 0.424 0.554
2.832 0.427 0.454
2.823 0.426 0.350
2.856 0.432 0.253
2.832 0.429 0.150
2.824 0.415 0.555
2.832 0.416 0.453
2.832 0.417 0.351
2.843 0.420 0.151
2.825 0.406 0.452
2.847 0.410 0.353
2.844 0.410 0.251
2.852 0.412 0.151
2.827 0.395 0.555
2.833 0.397 0.453
2.848 0.400 0.353
2.849 0.401 0.252
2.838 0.388 0.454
2.850 0.390 0.353
2.858 0.392 0.252
2.859 0.380 0.457
2.841 0.379 0.352
2.864 0.383 0.253
2.841 0.368 0.454
2.862 0.372 0.354
2.842 0.358 0.454
2.862 0.362 0.354
2.886 0.366 0.254
2.857 0.349 0.456
2.871 0.352 0.355
2.861 0.352 0.252
2.872 0.341 0.458
2.868 0.341 0.355
2.875 0.332 0.458
2.861 0.331 0.354
2.874 0.321 0.458
2.882 0.323 0.356
2.873 0.311 0.458
2.887 0.314 0.357
2.882 0.302 0.459
2.898 0.305 0.358
2.887 0.293 0.356
2.900 0.283 0.461
2.888 0.283 0.356
2.891 0.273 0.460
2.913 0.276 0.359
