2.383 1.360 0.435
2.382 1.349 0.434
2.380 1.337 0.432
2.391 1.331 0.532
2.380 1.326 0.431
2.394 1.322 0.532
2.391 1.321 0.433
2.395 1.312 0.531
2.403 1.317 0.434
2.408 1.308 0.533
2.418 1.303 0.534
2.419 1.304 0.435
2.423 1.294 0.534
2.414 1.291 0.434
2.425 1.285 0.534
2.417 1.281 0.433
2.419 1.271 0.531
2.429 1.276 0.435
2.436 1.269 0.534
2.444 1.273 0.436
2.433 1.268 0.337
2.444 1.261 0.635
2.460 1.270 0.538
2.454 1.267 0.437
2.438 1.246 0.632
2.464 1.261 0.538
2.450 1.256 0.338
2.453 1.243 0.635
2.458 1.247 0.536
2.450 1.244 0.435
2.458 1.249 0.339
2.460 1.237 0.636
2.455 1.235 0.534
2.454 1.235 0.435
2.459 1.239 0.338
2.461 1.226 0.635
2.465 1.229 0.535
2.464 1.230 0.436
2.454 1.226 0.337
2.465 1.218 0.635
2.476 1.225 0.537
2.464 1.220 0.338
2.466 1.208 0.634
2.484 1.218 0.538
2.465 1.209 0.435
2.479 1.217 0.339
2.491 1.210 0.639
2.484 1.207 0.537
2.487 1.210 0.438
2.486 1.210 0.340
2.483 1.194 0.738
2.490 1.198 0.638
2.483 1.196 0.536
2.488 1.199 0.437
2.495 1.190 0.741
2.512 1.198 0.642
2.495 1.191 0.537
2.502 1.196 0.439
2.488 1.189 0.339
2.501 1.181 0.741
2.498 1.181 0.638
2.502 1.184 0.538
2.496 1.182 0.437
2.495 1.182 0.339
2.502 1.171 0.740
2.518 1.180 0.642
2.515 1.179 0.540
2.504 1.175 0.438
2.516 1.181 0.341
2.550 1.198 0.246
2.504 1.161 0.740
2.521 1.170 0.642
2.521 1.171 0.540
2.517 1.170 0.440
2.529 1.176 0.342
2.521 1.174 0.243
2.510 1.154 0.740
2.525 1.161 0.642
2.528 1.165 0.441
2.533 1.169 0.244
2.514 1.145 0.740
2.518 1.148 0.639
2.515 1.147 0.537
2.534 1.156 0.441
2.517 1.150 0.340
2.542 1.162 0.245
2.536 1.144 0.745
2.523 1.140 0.538
2.525 1.142 0.439
2.526 1.143 0.341
2.535 1.148 0.244
2.519 1.126 0.739
2.533 1.133 0.641
2.555 1.144 0.544
2.550 1.144 0.343
2.550 1.145 0.245
2.545 1.127 0.746
2.548 1.129 0.643
2.552 1.132 0.543
2.535 1.125 0.439
2.545 1.131 0.342
2.536 1.128 0.243
2.559 1.123 0.645
2.556 1.123 0.543
2.543 1.118 0.440
2.540 1.118 0.341
2.547 1.122 0.244
2.551 1.109 0.745
2.552 1.110 0.642
2.560 1.115 0.543
2.557 1.114 0.442
2.551 1.112 0.342
2.558 1.117 0.244
2.559 1.102 0.746
2.577 1.110 0.648
2.567 1.107 0.543
2.561 1.106 0.442
2.557 1.104 0.342
2.582 1.116 0.246
2.552 1.088 0.743
2.565 1.095 0.644
2.585 1.104 0.546
2.561 1.095 0.441
2.564 1.097 0.342
2.563 1.082 0.745
2.579 1.090 0.647
2.582 1.092 0.545
2.574 1.089 0.443
2.592 1.098 0.346
2.562 1.087 0.244
2.568 1.075 0.746
2.588 1.084 0.648
2.571 1.078 0.542
2.585 1.084 0.444
2.583 1.084 0.344
2.590 1.088 0.246
2.657 1.117 0.151
2.572 1.066 0.746
2.592 1.075 0.648
2.583 1.073 0.443
2.583 1.074 0.343
2.596 1.081 0.147
2.583 1.059 0.748
2.593 1.064 0.647
2.597 1.067 0.546
2.605 1.071 0.446
2.611 1.075 0.247
2.596 1.070 0.147
2.587 1.050 0.748
2.598 1.055 0.647
2.610 1.061 0.548
2.600 1.058 0.445
2.609 1.062 0.346
2.611 1.064 0.247
2.608 1.064 0.148
2.592 1.042 0.749
2.614 1.054 0.346
2.611 1.054 0.246
2.617 1.057 0.148
2.606 1.037 0.752
2.618 1.042 0.651
2.615 1.042 0.547
2.618 1.044 0.446
2.611 1.042 0.345
2.618 1.046 0.247
2.628 1.051 0.148
2.620 1.032 0.650
2.626 1.036 0.549
2.624 1.036 0.447
2.629 1.040 0.247
2.628 1.040 0.148
2.623 1.022 0.754
2.632 1.027 0.652
2.633 1.028 0.550
2.631 1.028 0.447
2.618 1.024 0.345
2.642 1.034 0.248
2.629 1.030 0.148
2.617 1.010 0.752
2.629 1.015 0.651
2.646 1.023 0.551
2.618 1.013 0.445
2.629 1.018 0.346
2.642 1.024 0.248
2.642 1.025 0.149
2.620 1.001 0.752
2.650 1.014 0.551
2.636 1.010 0.447
2.656 1.018 0.349
2.653 1.019 0.149
2.634 0.997 0.755
2.663 1.008 0.657
2.655 1.006 0.552
2.658 1.008 0.450
2.641 1.002 0.347
2.647 1.005 0.248
2.653 1.009 0.149
2.645 0.990 0.757
2.652 0.993 0.654
2.661 0.999 0.450
2.645 0.993 0.347
2.665 1.002 0.249
2.649 0.980 0.757
2.655 0.983 0.654
2.662 0.986 0.552
2.671 0.991 0.451
2.654 0.985 0.348
2.675 0.994 0.250
2.666 0.991 0.149
2.686 0.999 0.050
2.649 0.969 0.756
2.668 0.977 0.656
2.684 0.984 0.556
2.665 0.977 0.450
2.672 0.981 0.350
2.669 0.981 0.249
2.693 0.991 0.050
2.648 0.960 0.755
2.677 0.970 0.657
2.680 0.973 0.554
2.672 0.971 0.450
2.682 0.977 0.150
2.694 0.982 0.050
2.655 0.951 0.756
2.691 0.965 0.660
2.676 0.961 0.553
2.675 0.962 0.349
2.683 0.966 0.249
2.691 0.969 0.150
2.692 0.971 0.050
2.679 0.949 0.761
2.685 0.952 0.554
2.694 0.956 0.453
2.698 0.959 0.250
2.695 0.959 0.150
2.714 0.967 0.050
2.685 0.941 0.657
2.697 0.946 0.556
2.699 0.947 0.453
2.691 0.946 0.350
2.703 0.951 0.251
2.698 0.950 0.150
2.718 0.958 0.050
2.689 0.931 0.762
2.705 0.937 0.661
2.714 0.941 0.558
2.702 0.938 0.453
2.693 0.936 0.350
2.704 0.941 0.250
2.709 0.943 0.150
2.725 0.949 0.050
2.692 0.921 0.762
2.713 0.931 0.558
2.720 0.934 0.456
2.703 0.929 0.351
2.720 0.936 0.151
2.724 0.939 0.050
2.702 0.916 0.765
2.720 0.922 0.663
2.718 0.923 0.558
2.718 0.924 0.455
2.718 0.924 0.352
2.720 0.926 0.251
2.734 0.931 0.151
2.731 0.931 0.050
2.715 0.909 0.767
2.727 0.914 0.664
2.723 0.914 0.558
2.732 0.918 0.456
2.710 0.911 0.351
2.727 0.918 0.252
2.746 0.926 0.051
2.707 0.896 0.764
2.730 0.905 0.664
2.741 0.910 0.457
2.724 0.905 0.352
2.751 0.915 0.254
2.721 0.906 0.150
2.755 0.918 0.051
2.729 0.892 0.769
2.734 0.895 0.664
2.750 0.901 0.563
2.744 0.900 0.457
2.750 0.903 0.355
2.737 0.900 0.252
2.734 0.899 0.151
2.706 0.874 0.762
2.742 0.887 0.665
2.746 0.889 0.561
2.761 0.895 0.356
2.750 0.893 0.253
2.760 0.897 0.152
2.746 0.893 0.050
2.737 0.874 0.770
2.749 0.878 0.666
2.745 0.878 0.560
2.760 0.883 0.459
2.756 0.883 0.355
2.766 0.889 0.051
2.738 0.864 0.769
2.752 0.869 0.666
2.757 0.872 0.562
2.748 0.871 0.354
2.773 0.880 0.254
2.766 0.878 0.152
2.777 0.882 0.051
2.776 0.865 0.779
2.772 0.866 0.460
2.773 0.868 0.357
2.772 0.869 0.254
2.761 0.866 0.152
2.787 0.875 0.051
2.769 0.854 0.776
2.777 0.856 0.671
2.786 0.860 0.567
2.771 0.856 0.459
2.784 0.861 0.358
2.773 0.859 0.254
2.772 0.860 0.152
2.798 0.868 0.051
2.759 0.840 0.773
2.787 0.850 0.566
2.785 0.850 0.461
2.789 0.852 0.358
2.786 0.853 0.153
2.801 0.858 0.051
2.774 0.833 0.776
2.803 0.843 0.676
2.792 0.840 0.567
2.786 0.840 0.461
2.784 0.840 0.357
2.787 0.841 0.255
2.801 0.846 0.153
2.808 0.849 0.051
2.771 0.821 0.774
2.784 0.826 0.670
2.797 0.832 0.462
2.791 0.831 0.358
2.797 0.834 0.255
2.819 0.842 0.051
2.798 0.819 0.781
2.786 0.817 0.670
2.807 0.824 0.569
2.807 0.825 0.463
2.811 0.827 0.360
2.804 0.826 0.256
2.799 0.825 0.153
2.789 0.806 0.778
2.800 0.810 0.673
2.817 0.816 0.570
2.819 0.818 0.465
2.821 0.819 0.361
2.803 0.815 0.255
2.802 0.816 0.153
2.796 0.797 0.779
2.807 0.801 0.674
2.813 0.804 0.569
2.818 0.807 0.464
2.847 0.815 0.364
2.808 0.805 0.256
2.812 0.807 0.153
2.810 0.790 0.782
2.821 0.795 0.677
2.815 0.794 0.569
2.829 0.799 0.466
2.833 0.801 0.361
2.820 0.798 0.256
2.829 0.801 0.154
2.807 0.780 0.781
2.818 0.784 0.675
2.829 0.788 0.571
2.833 0.790 0.466
2.816 0.786 0.359
2.853 0.797 0.259
2.847 0.796 0.155
2.832 0.777 0.678
2.845 0.782 0.574
2.836 0.780 0.466
2.836 0.781 0.361
2.850 0.786 0.259
2.838 0.783 0.154
2.835 0.767 0.678
2.844 0.772 0.467
2.858 0.778 0.155
2.854 0.762 0.682
2.858 0.764 0.575
2.853 0.763 0.468
2.863 0.767 0.364
2.829 0.759 0.256
2.868 0.770 0.156
2.865 0.755 0.576
2.855 0.753 0.468
2.866 0.757 0.364
2.855 0.755 0.258
2.852 0.740 0.680
2.868 0.745 0.469
2.853 0.743 0.362
2.863 0.746 0.259
2.860 0.731 0.682
2.885 0.739 0.579
2.876 0.737 0.470
2.869 0.736 0.364
2.866 0.736 0.259
2.867 0.722 0.683
2.882 0.727 0.578
2.877 0.726 0.470
2.879 0.728 0.365
2.868 0.726 0.259
2.884 0.716 0.686
2.890 0.719 0.579
2.885 0.719 0.471
2.912 0.726 0.369
2.878 0.719 0.260
2.894 0.708 0.688
2.883 0.707 0.577
2.905 0.713 0.474
2.879 0.708 0.259
2.885 0.695 0.685
2.890 0.697 0.578
2.909 0.702 0.474
2.898 0.701 0.366
2.901 0.702 0.261
2.905 0.690 0.580
2.906 0.691 0.473
2.906 0.692 0.367
2.925 0.673 0.583
2.924 0.673 0.475
2.923 0.674 0.368
2.931 0.664 0.584
2.943 0.668 0.478
2.931 0.666 0.369
2.936 0.655 0.476
2.933 0.656 0.369
2.947 0.646 0.587
2.958 0.649 0.480
2.949 0.648 0.371
2.955 0.637 0.588
2.965 0.641 0.372
2.954 0.626 0.587
2.960 0.629 0.479
2.960 0.617 0.588
2.964 0.618 0.480
2.971 0.609 0.590
2.978 0.611 0.482
2.976 0.599 0.590
2.974 0.600 0.481
2.998 0.583 0.484
3.019 0.575 0.487
3.016 0.563 0.486
