1235.780396,845.313782
1236.257202,908.859985
1236.793213,972.353333
1237.268433,1035.960815
1237.773438,1099.544189
1238.224487,1163.116089
1238.771240,1226.723755
1239.250000,1290.214600
1233.343018,845.018921
1233.843628,908.659119
1234.332153,972.201782
1234.824829,1035.863770
1235.293701,1099.509521
1235.784058,1163.195557
1236.203247,1226.885010
1236.729614,1290.527710
1230.438721,844.580933
1230.932251,908.258240
1231.328003,972.014221
1231.834961,1035.789917
1232.260742,1099.600342
1232.739868,1163.316284
1233.188110,1227.095947
1233.661133,1290.848511
1227.761108,844.164001
1228.158081,907.977966
1228.649902,971.806091
1229.021118,1035.708130
1229.417603,1099.582153
1229.894043,1163.394653
1230.292480,1227.300171
1230.768555,1291.138672
1225.000732,843.764282
1225.398926,907.673767
1225.825928,971.640015
1226.247070,1035.584229
1226.635742,1099.571411
1227.034668,1163.598511
1227.415894,1227.588135
1227.867798,1291.521851
1222.225708,843.248108
1222.644653,907.250244
1223.010010,971.343262
1223.388550,1035.464966
1223.814209,1099.586304
1224.148682,1163.685669
1224.550293,1227.790894
1224.928955,1291.860474
1219.570190,842.798279
1219.916260,906.957764
1220.262085,971.138367
1220.640747,1035.315430
1221.023071,1099.600342
1221.355957,1163.817871
1221.750610,1228.023926
1222.062744,1292.193726
1217.014038,842.329102
1217.328735,906.646423
1217.702148,970.917969
1218.020508,1035.208618
1218.356934,1099.575684
1218.714233,1163.937012
1219.006348,1228.244141
1219.344482,1292.571899
1214.639404,841.919067
1214.899902,906.280762
1215.201660,970.723328
1215.582031,1035.117676
1215.847412,1099.609253
1216.138062,1164.072388
1216.442139,1228.531982
1216.799683,1292.926758
1212.197998,841.357666
1212.458130,905.903198
1212.766235,970.429688
1213.074829,1035.000488
1213.356567,1099.618530
1213.643433,1164.169800
1213.923340,1228.778076
1214.164673,1293.247803
1210.002319,840.969666
1210.306641,905.629578
1210.598022,970.216003
1210.818848,1034.921021
1211.082642,1099.617188
1211.320435,1164.315063
1211.642700,1228.955078
1211.871338,1293.642456
1207.841797,840.451599
1208.052856,905.205505
1208.291870,969.992432
1208.588379,1034.795044
1208.797852,1099.635620
1209.013428,1164.375977
1209.221436,1229.206787
1209.555054,1293.977539
1205.706787,839.998474
1205.899048,904.852844
1206.113281,969.744446
1206.320435,1034.703979
1206.565918,1099.610107
1206.765137,1164.599731
1206.975342,1229.509766
1207.148315,1294.311279
1203.603027,839.510742
1203.771484,904.437927
1203.956299,969.504944
1204.147095,1034.598022
1204.317139,1099.644165
1204.473389,1164.723633
1204.737549,1229.810303
1204.920532,1294.783447
1201.673462,838.960022
1201.819702,904.078308
1201.923950,969.234131
1202.102173,1034.412964
1202.263184,1099.648315
1202.383423,1164.841919
1202.612305,1230.005249
1202.775513,1295.164185
1199.801392,838.527527
1199.970703,903.735718
1200.072998,969.003723
1200.187500,1034.299072
1200.312378,1099.629395
1200.460449,1164.942871
1200.670776,1230.230103
1200.795532,1295.581909
1198.055298,837.977661
1198.140015,903.318726
1198.257813,968.754456
1198.341309,1034.181641
1198.527466,1099.675171
1198.606201,1165.080933
1198.731323,1230.567993
1198.826904,1295.965942
1196.421265,837.503479
1196.610962,902.962463
1196.671875,968.525696
1196.726807,1034.034912
1196.816162,1099.654907
1196.884399,1165.204712
1196.968262,1230.798218
1197.085083,1296.259644
1194.892822,836.968628
1194.928223,902.637146
1194.983154,968.237305
1195.027588,1033.946899
1195.102783,1099.684814
1195.136841,1165.338013
1195.218140,1231.046143
1195.279175,1296.728760
1193.392944,836.485962
1193.370728,902.177429
1193.415527,967.986816
1193.456543,1033.820068
1193.517822,1099.662354
1193.573853,1165.518799
1193.627197,1231.317871
1193.663208,1297.079346
1191.938110,835.935913
1191.926880,901.796387
1191.952759,967.744995
1191.941406,1033.716797
1191.954224,1099.672119
1191.947021,1165.687988
1191.991821,1231.648438
1191.947998,1297.563843
1190.623413,835.378418
1190.613281,901.366394
1190.582031,967.442200
1190.584717,1033.575684
1190.570801,1099.683350
1190.439941,1165.830933
1190.466431,1231.876221
1190.452637,1297.937866
1189.409912,834.871277
1189.369141,901.004211
1189.298950,967.174072
1189.243530,1033.405151
1189.245239,1099.683350
1189.189697,1165.918701
1189.145630,1232.154785
1189.133545,1298.298584
1188.316406,834.294128
1188.227905,900.611633
1188.173340,966.911377
1188.103394,1033.258423
1188.061646,1099.676880
1187.964844,1166.078735
1187.923584,1232.388428
1187.851563,1298.792969
1187.350708,833.800903
1187.265259,900.179504
1187.131958,966.697937
1187.060547,1033.169189
1186.976563,1099.698853
1186.875366,1166.195313
1186.787964,1232.737183
1186.725952,1299.129761
1186.427002,833.224060
1186.311401,899.819458
1186.202881,966.362122
1186.059448,1033.041504
1185.948608,1099.704346
1185.830200,1166.353149
1185.730347,1233.003052
1185.620728,1299.598022
1238.978638,810.286560
1237.790894,882.626099
1236.638428,955.016541
1235.427490,1027.428101
1234.239502,1099.956787
1233.097412,1172.509399
1231.944336,1245.010498
1230.797485,1317.517212
1242.577271,809.781189
1241.363647,882.195007
1240.177368,954.770691
1238.973389,1027.309204
1237.792236,1099.974854
1236.622803,1172.668213
1235.387695,1245.264648
1234.207397,1317.958618
1246.158691,809.214355
1244.960449,881.839966
1243.730103,954.413452
1242.537476,1027.204346
1241.263916,1099.964844
1240.069824,1172.798706
1238.910156,1245.607666
1237.706055,1318.304932
1249.965698,808.727295
1248.757080,881.397461
1247.474854,954.171265
1246.254883,1027.061401
1245.025879,1099.967651
1243.812012,1172.954468
1242.588501,1245.890259
1241.320923,1318.776733
1253.857666,808.125366
1252.612671,881.015625
1251.309326,953.942993
1250.064575,1026.951050
1248.833008,1099.970459
1247.582520,1173.056885
1246.300659,1246.127930
1245.038208,1319.192261
1258.026367,807.611267
1256.770020,880.613342
1255.465576,953.676086
1254.193115,1026.821655
1252.955811,1099.941284
1251.694824,1173.231079
1250.373291,1246.408081
1249.125977,1319.674561
1262.201416,807.082275
1260.928467,880.170654
1259.662720,953.369568
1258.315063,1026.674316
1257.045898,1099.967285
1255.769165,1173.347900
1254.428711,1246.707886
1253.129761,1320.027832
1266.465698,806.577942
1265.182617,879.830200
1263.876465,953.117554
1262.556763,1026.573730
1261.211548,1099.979126
1259.903809,1173.555908
1258.620605,1246.983276
1257.288208,1320.387573
1270.790649,806.077820
1269.432129,879.419006
1268.112305,952.885315
1266.794434,1026.393433
1265.397339,1099.983398
1264.065186,1173.656372
1262.779785,1247.257080
1261.409424,1320.869141
1275.122803,805.599976
1273.813110,879.067322
1272.404663,952.654602
1271.093750,1026.244873
1269.750366,1099.990356
1268.343750,1173.775513
1267.044800,1247.558228
1265.693970,1321.245117
1279.611694,805.083008
1278.203613,878.740417
1276.870361,952.385193
1275.437134,1026.171021
1274.114502,1099.989868
1272.764771,1173.893555
1271.336304,1247.788940
1270.016724,1321.674561
1284.180420,804.599121
1282.843994,878.294067
1281.396851,952.149048
1280.048340,1026.046143
1278.689087,1100.034058
1277.234863,1174.043335
1275.880615,1248.031982
1274.431152,1322.031982
1289.104370,804.092896
1287.721069,877.968811
1286.267944,951.898865
1284.912964,1025.936523
1283.535278,1099.997559
1282.093262,1174.144775
1280.713135,1248.281982
1279.266968,1322.402344
1294.025635,803.651855
1292.638672,877.615784
1291.205688,951.660339
1289.807739,1025.834717
1288.315430,1099.993774
1286.936279,1174.275269
1285.541138,1248.565430
1284.095337,1322.830688
1298.988281,803.106506
1297.578979,877.198486
1296.126465,951.379700
1294.707886,1025.717163
1293.220337,1099.998657
1291.808350,1174.392212
1290.355469,1248.810181
1288.912720,1323.162720
1303.992188,802.701782
1302.571777,876.891541
1301.092773,951.170593
1299.664795,1025.606567
1298.195679,1100.017700
1296.737305,1174.589600
1295.275391,1249.045654
1293.850464,1323.609863
1309.066040,802.211914
1307.636841,876.570435
1306.167236,950.949524
1304.736816,1025.427368
1303.216919,1100.015137
1301.771729,1174.680786
1300.270508,1249.279297
1298.813721,1323.931152
1314.124390,801.829895
1312.666016,876.215698
1311.159180,950.748596
1309.715088,1025.331299
1308.226074,1100.032227
1306.755371,1174.797974
1305.230591,1249.561890
1303.773315,1324.249146
1319.386108,801.309814
1317.932373,875.891296
1316.406860,950.540222
1314.927246,1025.222168
1313.399170,1100.018799
1311.945923,1174.897339
1310.415039,1249.760254
1308.955933,1324.662720
1324.873169,800.943359
1323.361816,875.577454
1321.910645,950.265503
1320.369995,1025.113647
1318.880493,1100.040649
1317.332397,1175.029785
1315.858276,1250.002563
1314.280518,1324.994263
1330.541992,800.494446
1329.017578,875.231567
1327.534302,950.075867
1325.979492,1025.011353
1324.446777,1100.044678
1322.932495,1175.137573
1321.355835,1250.219238
1319.869995,1325.329712
1336.105469,800.054565
1334.622925,874.900024
1333.061279,949.898682
1331.591309,1024.947021
1330.024170,1100.044067
1328.437744,1175.241089
1326.937988,1250.498779
1325.379028,1325.678589
1341.737915,799.706421
1340.197021,874.654785
1338.721924,949.712952
1337.121826,1024.821533
1335.618896,1100.058594
1334.046021,1175.353760
1332.453491,1250.726196
1330.930298,1325.994629
1347.366821,799.256104
1345.852417,874.298401
1344.310547,949.471497
1342.781006,1024.761597
1341.182739,1100.060913
1339.661743,1175.446777
1338.050781,1250.893311
1336.442383,1326.291748
1352.934204,798.906067
1351.360596,874.023865
1349.845459,949.278809
1348.270264,1024.653564
1346.754639,1100.066162
1345.163330,1175.608521
1343.588013,1251.106323
1341.992310,1326.657959
1358.884277,798.557434
1357.306641,873.779785
1355.804199,949.091797
1354.184204,1024.567017
1352.659790,1100.040039
1351.018555,1175.707520
1349.410400,1251.265991
1347.861938,1326.940186
