607.150 383.428
859.656 562.088
700.053 802.684
432.063 607.349
0.000 0.000
603.779 386.074
860.078 562.936
699.704 802.748
434.411 607.900
0.000 0.000
605.278 384.575
857.081 562.936
698.205 801.249
434.411 609.399
0.000 0.000
603.779 384.575
863.076 562.936
698.205 799.751
432.912 604.903
0.000 0.000
605.278 384.575
861.577 561.437
699.704 799.751
432.912 607.900
0.000 0.000
608.275 384.575
861.577 562.936
696.706 802.748
434.411 609.399
0.000 0.000
606.776 381.577
861.577 562.936
699.704 798.252
432.912 606.402
0.000 0.000
606.776 386.074
861.577 562.936
699.704 804.247
434.411 609.399
0.000 0.000
605.278 386.074
863.076 559.938
698.205 802.748
434.411 607.900
0.000 0.000
605.278 386.074
861.577 564.434
698.205 799.751
432.912 607.900
0.000 0.000
606.776 386.074
860.078 561.437
698.205 799.751
435.910 606.402
0.000 0.000
