3.350 0.277 1.036
3.522 -0.216 0.347
3.359 0.399 -0.133
3.187 0.890 0.557
0.000 0.000 0.000
2.808 0.731 0.840
3.102 0.059 0.346
2.925 0.474 -0.322
2.631 1.145 0.171
0.000 0.000 0.000
3.631 0.195 0.971
3.758 -0.433 0.401
3.693 0.070 -0.166
3.566 0.695 0.403
0.000 0.000 0.000
3.415 0.953 0.985
3.715 0.292 0.523
3.585 0.706 -0.151
3.286 1.364 0.312
0.000 0.000 0.000
2.897 0.790 0.925
3.199 0.206 0.426
3.045 0.632 -0.167
2.743 1.217 0.330
0.000 0.000 0.000
2.578 0.868 0.886
2.925 0.212 0.475
2.803 0.564 -0.192
2.456 1.220 0.220
0.000 0.000 0.000
3.374 0.828 0.927
3.599 0.173 0.497
3.453 0.534 -0.133
3.227 1.191 0.299
0.000 0.000 0.000
3.489 0.336 1.040
3.601 -0.287 0.527
3.498 0.167 -0.047
3.386 0.787 0.465
0.000 0.000 0.000
2.415 1.269 0.899
3.032 0.529 0.713
2.961 0.653 -0.035
2.343 1.394 0.151
0.000 0.000 0.000
2.901 0.647 0.999
3.204 -0.126 0.622
3.067 0.188 -0.125
2.763 0.962 0.249
0.000 0.000 0.000
3.511 0.839 0.985
3.769 0.210 0.509
3.570 0.602 -0.112
3.312 1.229 0.362
0.000 0.000 0.000
