2.655 1.098 0.251
2.661 1.078 0.251
2.668 1.071 0.252
2.676 1.063 0.252
2.672 1.050 0.251
2.672 1.040 0.251
2.691 1.048 0.151
2.675 1.031 0.251
2.704 1.042 0.152
2.683 1.023 0.251
2.689 1.026 0.151
2.673 1.007 0.351
2.690 1.015 0.252
2.676 1.010 0.150
2.701 1.007 0.354
2.688 1.003 0.251
2.692 1.006 0.151
2.700 0.996 0.353
2.691 0.994 0.251
2.702 0.998 0.151
2.683 0.979 0.351
2.700 0.987 0.252
2.711 0.991 0.151
2.691 0.971 0.351
2.696 0.974 0.251
2.710 0.981 0.151
2.701 0.965 0.352
2.711 0.969 0.252
2.704 0.968 0.151
2.712 0.958 0.353
2.707 0.957 0.251
2.707 0.959 0.151
2.719 0.951 0.354
2.699 0.944 0.250
2.720 0.953 0.151
2.722 0.941 0.354
2.713 0.939 0.251
2.721 0.943 0.151
2.729 0.932 0.457
2.722 0.931 0.353
2.716 0.930 0.251
2.725 0.933 0.151
2.731 0.921 0.456
2.714 0.916 0.352
2.724 0.920 0.252
2.724 0.922 0.151
2.734 0.912 0.456
2.734 0.913 0.354
2.723 0.910 0.251
2.728 0.912 0.151
2.737 0.903 0.456
2.728 0.900 0.353
2.726 0.901 0.251
2.738 0.906 0.151
2.726 0.902 0.050
2.744 0.894 0.457
2.731 0.891 0.353
2.731 0.892 0.251
2.749 0.898 0.152
2.737 0.896 0.050
2.747 0.885 0.457
2.736 0.882 0.353
2.747 0.887 0.253
2.744 0.887 0.151
2.747 0.888 0.050
2.759 0.879 0.459
2.750 0.877 0.253
2.738 0.874 0.151
2.762 0.883 0.051
2.749 0.865 0.456
2.747 0.865 0.354
2.742 0.865 0.252
2.750 0.868 0.151
2.765 0.873 0.051
2.760 0.857 0.562
2.752 0.856 0.456
2.760 0.859 0.355
2.741 0.854 0.251
2.761 0.861 0.152
2.770 0.865 0.051
2.769 0.848 0.563
2.759 0.846 0.457
2.756 0.846 0.354
2.744 0.843 0.251
2.764 0.850 0.152
2.756 0.848 0.050
2.777 0.841 0.564
2.768 0.838 0.458
2.753 0.835 0.353
2.759 0.837 0.252
2.756 0.837 0.151
2.772 0.843 0.051
2.782 0.831 0.564
2.759 0.826 0.354
2.765 0.829 0.253
2.755 0.827 0.151
2.783 0.836 0.051
2.790 0.824 0.566
2.764 0.817 0.456
2.775 0.821 0.355
2.757 0.816 0.252
2.765 0.820 0.151
2.789 0.828 0.051
2.782 0.810 0.563
2.774 0.809 0.458
2.752 0.804 0.251
2.776 0.812 0.152
2.781 0.814 0.051
2.792 0.803 0.565
2.777 0.799 0.458
2.771 0.799 0.354
2.768 0.798 0.252
2.782 0.804 0.152
2.772 0.802 0.050
2.791 0.793 0.564
2.795 0.795 0.460
2.770 0.788 0.354
2.777 0.792 0.151
2.782 0.794 0.051
2.811 0.797 -0.051
2.802 0.785 0.566
2.794 0.784 0.460
2.777 0.780 0.354
2.785 0.783 0.253
2.772 0.780 0.151
2.793 0.787 0.051
2.788 0.780 -0.051
2.799 0.773 0.670
2.814 0.778 0.567
2.787 0.772 0.458
2.789 0.773 0.355
2.780 0.771 0.252
2.781 0.773 0.151
2.799 0.778 0.051
2.789 0.770 -0.051
2.807 0.765 0.672
2.794 0.763 0.563
2.807 0.767 0.461
2.797 0.767 0.152
2.798 0.768 0.051
2.792 0.761 -0.051
2.814 0.756 0.673
2.793 0.751 0.562
2.785 0.750 0.354
2.783 0.751 0.252
2.802 0.757 0.152
2.805 0.758 0.051
2.814 0.755 -0.051
2.818 0.747 0.567
2.807 0.745 0.460
2.791 0.742 0.355
2.792 0.743 0.253
2.795 0.744 0.152
2.809 0.749 0.051
2.819 0.746 -0.051
2.809 0.734 0.670
2.824 0.739 0.567
2.805 0.734 0.459
2.800 0.734 0.355
2.802 0.736 0.253
2.793 0.734 0.151
2.814 0.740 0.051
2.792 0.729 -0.050
2.819 0.726 0.672
2.831 0.730 0.568
2.810 0.726 0.356
2.795 0.723 0.253
2.803 0.727 0.152
2.816 0.730 0.051
2.804 0.722 -0.051
2.822 0.716 0.672
2.826 0.718 0.567
2.820 0.717 0.461
2.824 0.719 0.358
2.794 0.712 0.252
2.814 0.718 0.152
2.807 0.717 0.051
2.815 0.713 -0.051
2.836 0.709 0.675
2.817 0.705 0.564
2.828 0.708 0.462
2.802 0.704 0.253
2.820 0.709 0.152
2.818 0.709 0.051
2.821 0.704 -0.051
2.816 0.693 0.777
2.827 0.697 0.672
2.832 0.699 0.567
2.830 0.700 0.462
2.819 0.698 0.357
2.814 0.697 0.254
2.818 0.700 0.152
2.824 0.701 0.051
2.831 0.697 -0.051
2.837 0.689 0.674
2.842 0.691 0.569
2.827 0.689 0.461
2.822 0.688 0.357
2.811 0.687 0.152
2.838 0.694 0.051
2.820 0.684 -0.051
2.832 0.676 0.780
2.854 0.682 0.678
2.849 0.682 0.569
2.826 0.677 0.460
2.826 0.678 0.357
2.825 0.679 0.254
2.827 0.680 0.152
2.840 0.684 0.051
2.824 0.674 -0.051
2.854 0.682 -0.154
2.821 0.663 0.776
2.849 0.671 0.569
2.836 0.669 0.461
2.828 0.668 0.357
2.823 0.668 0.254
2.835 0.672 0.051
2.864 0.674 -0.154
2.838 0.657 0.781
2.848 0.660 0.675
2.834 0.657 0.566
2.842 0.660 0.462
2.829 0.658 0.357
2.851 0.664 0.256
2.852 0.665 0.153
2.847 0.665 0.051
2.837 0.656 -0.051
2.848 0.660 -0.153
2.839 0.646 0.780
2.842 0.648 0.673
2.864 0.654 0.465
2.838 0.651 0.153
2.824 0.649 0.051
2.854 0.650 -0.051
2.845 0.649 -0.153
2.862 0.643 0.570
2.831 0.638 0.356
2.853 0.644 0.256
2.833 0.640 0.152
2.850 0.645 0.051
2.861 0.641 -0.051
2.865 0.643 -0.154
2.864 0.632 0.677
2.868 0.634 0.571
2.845 0.630 0.461
2.849 0.632 0.358
2.840 0.631 0.254
2.839 0.631 0.152
2.865 0.638 0.051
2.841 0.627 -0.051
2.880 0.636 -0.155
2.864 0.622 0.677
2.872 0.625 0.571
2.858 0.623 0.463
2.861 0.624 0.360
2.834 0.619 0.254
2.853 0.624 0.153
2.858 0.626 0.051
2.859 0.620 -0.051
2.892 0.629 -0.155
2.880 0.615 0.680
2.861 0.612 0.569
2.861 0.612 0.463
2.854 0.613 0.255
2.863 0.615 0.153
2.852 0.614 0.051
2.869 0.612 -0.051
2.873 0.614 -0.154
2.872 0.604 0.678
2.872 0.605 0.571
2.872 0.606 0.465
2.851 0.602 0.358
2.863 0.606 0.256
2.853 0.604 0.153
2.866 0.608 0.051
2.871 0.603 -0.051
2.873 0.604 -0.154
2.874 0.594 0.678
2.891 0.598 0.574
2.867 0.594 0.464
2.867 0.595 0.360
2.853 0.593 0.153
2.874 0.599 0.051
2.865 0.591 -0.051
2.875 0.594 -0.154
2.891 0.587 0.681
2.892 0.588 0.574
2.867 0.584 0.463
2.869 0.585 0.360
2.866 0.585 0.256
2.859 0.584 0.153
2.886 0.591 0.051
2.867 0.581 -0.051
2.889 0.587 -0.154
2.888 0.575 0.680
2.890 0.577 0.573
2.861 0.572 0.462
2.883 0.577 0.361
2.856 0.573 0.255
2.867 0.575 0.153
2.880 0.579 0.051
2.877 0.573 -0.051
2.893 0.577 -0.155
2.888 0.565 0.572
2.881 0.564 0.465
2.877 0.564 0.360
2.870 0.564 0.256
2.883 0.567 0.154
2.872 0.566 0.051
2.891 0.564 -0.051
2.897 0.566 -0.155
2.898 0.567 -0.258
2.894 0.555 0.680
2.894 0.556 0.467
2.877 0.554 0.360
2.893 0.558 0.258
2.873 0.555 0.153
2.884 0.558 0.051
2.891 0.555 -0.154
2.894 0.556 -0.258
2.884 0.542 0.678
2.907 0.548 0.575
2.888 0.545 0.466
2.879 0.544 0.360
2.901 0.549 0.258
2.894 0.548 0.154
2.892 0.549 0.051
2.895 0.544 -0.051
2.897 0.545 -0.154
2.911 0.549 -0.259
2.911 0.538 0.575
2.885 0.536 0.257
2.887 0.537 0.154
2.910 0.542 0.052
2.895 0.533 -0.051
2.921 0.539 -0.156
2.905 0.537 -0.259
2.898 0.528 0.362
2.893 0.528 0.257
2.906 0.531 0.155
2.903 0.531 0.052
2.889 0.523 -0.051
2.934 0.532 -0.156
2.891 0.525 -0.257
2.899 0.516 0.572
2.905 0.518 0.467
2.900 0.518 0.362
2.895 0.518 0.257
2.906 0.520 0.155
2.907 0.522 0.052
2.908 0.516 -0.052
2.916 0.518 -0.155
2.905 0.517 -0.258
2.913 0.508 0.575
2.913 0.508 0.468
2.893 0.507 0.257
2.894 0.508 0.154
2.913 0.512 0.052
2.912 0.506 -0.052
2.922 0.509 -0.155
2.926 0.500 0.577
2.911 0.498 0.468
2.904 0.497 0.362
2.902 0.498 0.258
2.899 0.499 0.154
2.923 0.503 0.052
2.914 0.496 -0.052
2.922 0.498 -0.155
2.930 0.490 0.577
2.909 0.487 0.467
2.917 0.489 0.363
2.907 0.489 0.154
2.924 0.493 0.052
2.911 0.485 -0.052
2.935 0.490 -0.156
2.916 0.477 0.574
2.914 0.477 0.468
2.921 0.479 0.363
2.896 0.476 0.257
2.907 0.479 0.154
2.926 0.483 0.052
2.921 0.476 -0.052
2.935 0.480 -0.156
2.925 0.468 0.576
2.928 0.469 0.470
2.922 0.469 0.363
2.915 0.469 0.258
2.914 0.470 0.052
2.931 0.467 -0.052
2.935 0.469 -0.156
2.944 0.461 0.579
2.937 0.460 0.471
2.926 0.459 0.364
2.917 0.459 0.258
2.912 0.459 0.154
2.917 0.461 0.052
2.940 0.458 -0.052
2.934 0.458 -0.156
2.939 0.450 0.471
2.922 0.448 0.363
2.928 0.450 0.259
2.914 0.449 0.154
2.944 0.448 -0.052
2.950 0.450 -0.156
2.946 0.440 0.579
2.942 0.440 0.471
2.927 0.439 0.363
2.932 0.440 0.259
2.941 0.443 0.156
2.944 0.444 0.052
2.927 0.435 -0.052
2.937 0.438 -0.156
2.941 0.429 0.578
2.940 0.429 0.471
2.950 0.431 0.366
2.944 0.433 0.052
2.949 0.428 -0.052
2.944 0.420 0.365
2.947 0.421 0.260
2.960 0.424 0.157
2.945 0.423 0.052
2.962 0.419 -0.052
2.952 0.410 0.472
2.956 0.412 0.261
2.943 0.411 0.156
2.955 0.414 0.052
2.963 0.409 -0.052
2.946 0.398 0.471
2.945 0.399 0.365
2.948 0.401 0.260
2.947 0.401 0.156
2.964 0.404 0.052
2.965 0.399 -0.052
2.953 0.390 0.472
2.958 0.391 0.366
2.944 0.391 0.156
2.973 0.396 0.052
2.966 0.389 -0.052
2.947 0.378 0.471
2.963 0.381 0.367
2.944 0.380 0.260
2.959 0.382 0.156
2.967 0.384 0.052
2.979 0.380 -0.052
2.972 0.371 0.474
2.964 0.371 0.367
2.950 0.370 0.260
2.964 0.373 0.052
2.993 0.371 -0.053
2.969 0.360 0.474
2.962 0.360 0.366
2.963 0.361 0.261
2.958 0.361 0.156
2.967 0.363 0.052
2.996 0.361 -0.053
2.976 0.351 0.475
2.967 0.350 0.367
2.972 0.352 0.262
2.963 0.351 0.156
2.999 0.351 -0.053
2.989 0.342 0.476
2.976 0.341 0.368
2.985 0.343 0.263
2.972 0.342 0.157
3.012 0.347 0.053
2.993 0.333 0.370
2.980 0.332 0.262
2.985 0.333 0.157
2.997 0.336 0.053
2.989 0.321 0.476
2.984 0.321 0.369
2.987 0.322 0.263
2.996 0.324 0.158
2.998 0.325 0.053
2.981 0.310 0.368
2.992 0.312 0.263
2.984 0.311 0.157
2.995 0.314 0.053
2.994 0.300 0.370
2.993 0.301 0.263
2.999 0.302 0.158
3.004 0.304 0.053
2.993 0.290 0.369
3.002 0.293 0.158
3.021 0.296 0.053
2.998 0.280 0.370
2.991 0.281 0.263
3.001 0.282 0.158
3.014 0.284 0.053
2.997 0.270 0.370
2.996 0.271 0.263
3.004 0.272 0.158
3.013 0.274 0.053
3.008 0.260 0.371
3.009 0.261 0.264
3.000 0.261 0.158
3.009 0.249 0.371
3.020 0.251 0.265
3.011 0.251 0.158
3.022 0.239 0.372
3.023 0.241 0.265
3.008 0.240 0.158
3.050 0.231 0.376
3.012 0.230 0.264
3.025 0.232 0.159
3.029 0.219 0.373
3.038 0.221 0.267
3.032 0.222 0.159
3.022 0.208 0.372
3.035 0.210 0.266
3.044 0.212 0.160
3.052 0.201 0.268
3.035 0.201 0.159
3.042 0.190 0.160
3.043 0.179 0.267
3.048 0.168 0.267
3.064 0.158 0.268
3.055 0.147 0.268
3.071 0.137 0.269
3.068 0.127 0.269
3.066 0.116 0.268
3.082 0.106 0.270
