3.565 0.598 0.444
3.586 0.603 0.318
3.561 0.585 0.443
3.602 0.593 0.319
3.577 0.575 0.445
3.606 0.581 0.320
3.589 0.565 0.446
3.598 0.567 0.319
3.587 0.551 0.446
3.590 0.553 0.318
3.594 0.540 0.446
3.590 0.540 0.318
3.579 0.525 0.444
3.603 0.530 0.319
3.588 0.513 0.445
3.609 0.518 0.319
3.588 0.500 0.574
3.598 0.502 0.446
3.609 0.505 0.319
3.594 0.488 0.574
3.598 0.489 0.446
3.605 0.491 0.318
3.609 0.476 0.577
3.593 0.476 0.445
3.605 0.478 0.318
3.615 0.464 0.577
3.589 0.462 0.444
3.618 0.467 0.319
3.601 0.449 0.575
3.593 0.449 0.445
3.616 0.454 0.319
3.613 0.454 0.191
3.600 0.438 0.574
3.604 0.439 0.446
3.609 0.441 0.318
3.626 0.443 0.191
3.606 0.425 0.575
3.614 0.427 0.447
3.599 0.427 0.317
3.626 0.430 0.191
3.613 0.414 0.576
3.607 0.414 0.446
3.620 0.416 0.319
3.625 0.418 0.191
3.616 0.400 0.707
3.620 0.401 0.577
3.599 0.400 0.445
3.622 0.404 0.319
3.626 0.405 0.191
3.619 0.388 0.708
3.614 0.389 0.576
3.602 0.388 0.445
3.627 0.392 0.319
3.628 0.393 0.191
3.624 0.376 0.708
3.605 0.375 0.574
3.625 0.378 0.448
3.616 0.378 0.318
3.627 0.380 0.191
3.620 0.362 0.707
3.621 0.363 0.576
3.618 0.364 0.447
3.612 0.364 0.318
3.636 0.367 0.192
3.617 0.349 0.706
3.622 0.350 0.576
3.612 0.350 0.446
3.615 0.352 0.318
3.638 0.355 0.192
3.622 0.337 0.707
3.627 0.338 0.577
3.601 0.337 0.444
3.616 0.340 0.318
3.631 0.342 0.191
3.624 0.325 0.576
3.616 0.326 0.446
3.629 0.328 0.319
3.636 0.330 0.191
3.652 0.313 0.846
3.636 0.313 0.709
3.631 0.314 0.577
3.635 0.315 0.448
3.626 0.315 0.318
3.629 0.317 0.191
3.640 0.299 0.843
3.628 0.300 0.577
3.628 0.301 0.447
3.639 0.304 0.320
3.648 0.305 0.192
3.627 0.285 0.840
3.625 0.287 0.707
3.637 0.288 0.578
3.617 0.288 0.446
3.629 0.290 0.318
3.653 0.293 0.192
3.650 0.294 0.064
3.626 0.273 0.840
3.628 0.274 0.707
3.646 0.276 0.579
3.624 0.276 0.446
3.641 0.278 0.320
3.636 0.279 0.191
3.649 0.281 0.064
3.619 0.259 0.838
3.638 0.262 0.709
3.627 0.263 0.576
3.625 0.263 0.446
3.646 0.266 0.320
3.633 0.266 0.191
3.662 0.269 0.064
3.622 0.247 0.838
3.637 0.249 0.709
3.620 0.249 0.575
3.640 0.251 0.448
3.639 0.253 0.319
3.638 0.254 0.191
3.670 0.257 0.064
3.637 0.235 0.841
3.632 0.236 0.708
3.639 0.238 0.578
3.627 0.238 0.446
3.634 0.239 0.319
3.651 0.242 0.192
3.659 0.243 0.064
3.631 0.223 0.707
3.636 0.225 0.577
3.620 0.225 0.445
3.635 0.227 0.319
3.660 0.230 0.192
3.652 0.230 0.064
3.638 0.209 0.841
3.632 0.210 0.707
3.652 0.213 0.579
3.631 0.212 0.447
3.650 0.214 0.320
3.649 0.215 0.192
3.663 0.217 0.064
3.635 0.199 0.447
3.652 0.202 0.320
3.645 0.203 0.191
3.668 0.204 0.064
3.645 0.185 0.843
3.640 0.187 0.577
3.644 0.188 0.448
3.658 0.190 0.192
3.668 0.192 0.064
3.656 0.172 0.845
3.655 0.174 0.711
3.646 0.174 0.578
3.648 0.175 0.448
3.644 0.176 0.319
3.657 0.178 0.192
3.673 0.180 0.064
3.662 0.160 0.846
3.642 0.160 0.709
3.651 0.162 0.579
3.647 0.162 0.448
3.648 0.164 0.320
3.663 0.165 0.192
3.666 0.166 0.064
3.647 0.146 0.843
3.657 0.148 0.711
3.665 0.149 0.581
3.640 0.149 0.447
3.667 0.152 0.321
3.660 0.152 0.192
3.680 0.154 0.064
3.644 0.134 0.842
3.665 0.136 0.713
3.646 0.136 0.578
3.644 0.137 0.448
3.673 0.139 0.322
3.652 0.139 0.192
3.679 0.141 0.064
3.703 0.135 -0.065
3.652 0.121 0.844
3.671 0.123 0.714
3.648 0.123 0.578
3.660 0.125 0.450
3.662 0.126 0.321
3.665 0.127 0.192
3.695 0.129 0.065
3.683 0.122 -0.064
3.666 0.110 0.847
3.652 0.111 0.710
3.657 0.112 0.579
3.655 0.113 0.449
3.656 0.114 0.320
3.669 0.115 0.192
3.684 0.117 0.064
3.688 0.110 -0.064
3.655 0.100 0.449
3.665 0.102 0.321
3.678 0.103 0.193
3.680 0.104 0.064
3.700 0.098 -0.065
3.659 0.085 0.711
3.663 0.086 0.580
3.648 0.087 0.448
3.671 0.088 0.321
3.670 0.089 0.192
3.686 0.091 0.064
3.702 0.084 -0.065
3.671 0.072 0.714
3.662 0.074 0.580
3.652 0.074 0.448
3.675 0.076 0.322
3.668 0.076 0.192
3.664 0.060 0.580
3.666 0.061 0.450
3.671 0.063 0.321
3.693 0.065 0.064
3.695 0.058 -0.065
3.669 0.047 0.713
3.674 0.047 0.582
3.680 0.049 0.452
3.660 0.050 0.320
3.681 0.051 0.193
3.693 0.052 0.064
3.683 0.045 -0.064
3.663 0.034 0.712
3.674 0.035 0.582
3.668 0.036 0.450
3.672 0.037 0.321
3.691 0.038 0.193
3.681 0.039 0.064
3.701 0.032 -0.065
3.667 0.021 0.713
3.664 0.023 0.450
3.680 0.024 0.322
3.693 0.025 0.194
3.697 0.026 0.065
3.721 0.019 -0.065
3.673 0.009 0.714
3.674 0.010 0.582
3.676 0.011 0.451
3.684 0.012 0.322
3.685 0.014 0.193
3.715 0.014 0.065
3.709 0.007 -0.065
3.686 -0.002 0.453
3.678 -0.001 0.322
3.689 0.000 0.193
3.713 0.001 0.065
3.707 -0.006 -0.065
3.683 -0.017 0.716
3.680 -0.017 0.583
3.680 -0.015 0.452
3.695 -0.013 0.194
3.703 -0.012 0.065
3.719 -0.019 -0.065
3.687 -0.030 0.717
3.692 -0.030 0.585
3.682 -0.028 0.452
3.684 -0.027 0.322
3.687 -0.042 0.717
3.694 -0.041 0.585
3.676 -0.040 0.451
3.706 -0.039 0.324
3.689 -0.039 0.193
3.701 -0.037 0.065
3.691 -0.055 0.717
3.688 -0.055 0.584
3.686 -0.053 0.453
3.692 -0.052 0.323
3.687 -0.051 0.193
3.709 -0.050 0.065
3.691 -0.068 0.585
3.690 -0.067 0.453
3.691 -0.066 0.323
3.723 -0.064 0.065
3.691 -0.081 0.585
3.693 -0.080 0.454
3.693 -0.079 0.323
3.710 -0.078 0.194
3.727 -0.077 0.065
3.699 -0.094 0.586
3.689 -0.093 0.453
3.695 -0.092 0.323
3.712 -0.091 0.195
3.716 -0.090 0.065
3.710 -0.107 0.588
3.693 -0.106 0.454
3.704 -0.105 0.324
3.705 -0.104 0.194
3.736 -0.104 0.065
3.702 -0.118 0.587
3.700 -0.118 0.455
3.695 -0.115 0.194
3.716 -0.115 0.065
3.701 -0.132 0.587
3.710 -0.130 0.325
3.711 -0.129 0.195
3.701 -0.144 0.587
3.707 -0.144 0.456
3.705 -0.142 0.324
3.712 -0.142 0.195
3.704 -0.158 0.587
3.705 -0.157 0.455
3.728 -0.156 0.196
3.716 -0.171 0.589
3.700 -0.169 0.455
3.734 -0.170 0.327
3.711 -0.168 0.195
3.705 -0.184 0.588
3.714 -0.183 0.457
3.719 -0.182 0.326
3.714 -0.181 0.195
3.708 -0.197 0.588
3.717 -0.197 0.457
3.711 -0.195 0.325
3.712 -0.211 0.589
3.724 -0.210 0.458
3.706 -0.208 0.325
3.741 -0.209 0.196
3.707 -0.235 0.456
3.726 -0.234 0.327
3.724 -0.249 0.458
3.728 -0.248 0.327
3.729 -0.261 0.327
3.738 -0.275 0.460
3.736 -0.274 0.328
3.723 -0.287 0.458
3.722 -0.301 0.458
3.753 -0.302 0.329
3.731 -0.315 0.460
3.740 -0.314 0.328
3.733 -0.328 0.460
3.742 -0.342 0.461
3.743 -0.354 0.462
3.740 -0.367 0.461
