3.292 1.284 0.434
3.321 1.268 0.437
3.359 1.284 0.315
3.326 1.257 0.437
3.339 1.263 0.312
3.328 1.244 0.436
3.321 1.243 0.310
3.336 1.234 0.437
3.341 1.237 0.312
3.331 1.219 0.436
3.358 1.230 0.313
3.337 1.208 0.436
3.347 1.213 0.311
3.338 1.195 0.562
3.343 1.197 0.436
3.367 1.207 0.313
3.355 1.188 0.437
3.367 1.194 0.313
3.344 1.172 0.561
3.348 1.174 0.436
3.375 1.184 0.313
3.360 1.163 0.563
3.346 1.160 0.435
3.364 1.167 0.311
3.358 1.150 0.562
3.367 1.154 0.437
3.371 1.157 0.312
3.358 1.137 0.562
3.365 1.140 0.436
3.372 1.144 0.311
3.370 1.128 0.563
3.373 1.130 0.437
3.366 1.129 0.311
3.380 1.118 0.564
3.375 1.118 0.437
3.383 1.122 0.312
3.403 1.111 0.567
3.377 1.104 0.436
3.395 1.111 0.313
3.407 1.116 0.188
3.378 1.091 0.436
3.407 1.102 0.313
3.396 1.099 0.187
3.395 1.084 0.564
3.406 1.088 0.439
3.410 1.091 0.313
3.405 1.091 0.187
3.391 1.069 0.691
3.385 1.067 0.562
3.398 1.073 0.438
3.404 1.076 0.312
3.416 1.080 0.188
3.385 1.054 0.689
3.394 1.058 0.437
3.406 1.064 0.312
3.431 1.073 0.188
3.397 1.044 0.691
3.415 1.051 0.566
3.394 1.045 0.436
3.418 1.054 0.313
3.427 1.058 0.188
3.404 1.034 0.691
3.407 1.037 0.564
3.405 1.036 0.437
3.421 1.043 0.313
3.420 1.043 0.187
3.415 1.025 0.693
3.398 1.020 0.562
3.403 1.023 0.436
3.406 1.025 0.311
3.431 1.034 0.188
3.417 1.012 0.693
3.413 1.012 0.564
3.424 1.016 0.438
3.390 1.007 0.309
3.434 1.022 0.188
3.425 1.000 0.824
3.429 1.004 0.566
3.429 1.005 0.439
3.422 1.004 0.312
3.453 1.014 0.189
3.439 0.993 0.696
3.429 0.993 0.312
3.434 0.996 0.187
3.417 0.972 0.820
3.421 0.975 0.691
3.431 0.979 0.565
3.428 0.979 0.438
3.444 0.984 0.313
3.447 0.986 0.188
3.426 0.962 0.822
3.438 0.966 0.694
3.426 0.964 0.564
3.437 0.968 0.438
3.450 0.973 0.314
3.452 0.974 0.188
3.483 0.984 0.063
3.435 0.951 0.823
3.437 0.953 0.693
3.432 0.952 0.564
3.441 0.956 0.438
3.430 0.954 0.311
3.461 0.964 0.188
3.467 0.967 0.063
3.442 0.940 0.824
3.441 0.941 0.693
3.433 0.940 0.564
3.436 0.942 0.438
3.445 0.946 0.313
3.467 0.952 0.188
3.465 0.953 0.063
3.443 0.928 0.823
3.440 0.928 0.693
3.446 0.930 0.565
3.436 0.929 0.437
3.456 0.936 0.313
3.466 0.939 0.188
3.480 0.944 0.063
3.454 0.918 0.825
3.451 0.918 0.694
3.449 0.919 0.565
3.443 0.918 0.438
3.463 0.925 0.314
3.465 0.926 0.188
3.483 0.932 0.063
3.430 0.897 0.950
3.466 0.909 0.696
3.468 0.910 0.568
3.452 0.908 0.438
3.460 0.911 0.313
3.473 0.915 0.188
3.494 0.922 0.063
3.466 0.895 0.826
3.469 0.896 0.696
3.456 0.894 0.565
3.456 0.896 0.312
3.478 0.903 0.188
3.493 0.908 0.063
3.466 0.881 0.826
3.464 0.882 0.695
3.474 0.886 0.568
3.466 0.885 0.439
3.480 0.890 0.314
3.479 0.890 0.188
3.489 0.894 0.063
3.462 0.870 0.694
3.477 0.875 0.568
3.463 0.872 0.438
3.479 0.878 0.314
3.499 0.883 0.189
3.464 0.857 0.824
3.478 0.861 0.696
3.476 0.862 0.567
3.474 0.862 0.439
3.482 0.866 0.314
3.491 0.868 0.189
3.508 0.874 0.063
3.484 0.849 0.828
3.485 0.850 0.697
3.470 0.847 0.566
3.484 0.852 0.440
3.478 0.852 0.313
3.500 0.858 0.189
3.523 0.865 0.063
3.477 0.834 0.826
3.476 0.835 0.695
3.476 0.836 0.566
3.491 0.841 0.441
3.482 0.840 0.313
3.502 0.845 0.189
3.516 0.850 0.063
3.493 0.825 0.829
3.483 0.824 0.696
3.491 0.826 0.568
3.490 0.828 0.440
3.495 0.830 0.314
3.517 0.836 0.189
3.517 0.837 0.063
3.546 0.837 -0.064
3.494 0.813 0.828
3.505 0.816 0.700
3.496 0.815 0.568
3.482 0.813 0.439
3.502 0.819 0.315
3.504 0.820 0.189
3.524 0.826 0.063
3.547 0.824 -0.064
3.486 0.798 0.826
3.500 0.804 0.441
3.505 0.807 0.315
3.507 0.808 0.189
3.539 0.816 0.063
3.542 0.810 -0.063
3.498 0.788 0.828
3.518 0.793 0.701
3.501 0.790 0.568
3.512 0.794 0.442
3.506 0.794 0.314
3.518 0.797 0.189
3.545 0.805 0.063
3.551 0.799 -0.064
3.508 0.777 0.830
3.511 0.779 0.699
3.510 0.779 0.569
3.517 0.782 0.442
3.512 0.782 0.315
3.511 0.765 0.830
3.499 0.763 0.696
3.516 0.768 0.570
3.510 0.768 0.441
3.519 0.771 0.315
3.529 0.775 0.189
3.547 0.779 0.063
3.562 0.775 -0.064
3.520 0.755 0.700
3.527 0.758 0.571
3.513 0.756 0.441
3.543 0.763 0.317
3.542 0.764 0.190
3.550 0.767 0.063
3.571 0.764 -0.064
3.527 0.744 0.701
3.522 0.743 0.570
3.525 0.745 0.442
3.540 0.750 0.317
3.536 0.750 0.189
3.562 0.756 0.064
3.560 0.749 -0.063
3.522 0.732 0.570
3.531 0.735 0.443
3.532 0.736 0.316
3.551 0.741 0.190
3.568 0.745 0.064
3.570 0.739 -0.064
3.526 0.719 0.700
3.524 0.720 0.570
3.534 0.722 0.443
3.535 0.724 0.316
3.557 0.729 0.190
3.563 0.731 0.063
3.570 0.726 -0.064
3.548 0.712 0.573
3.540 0.711 0.443
3.545 0.713 0.316
3.567 0.719 0.191
3.564 0.719 0.063
3.593 0.717 -0.064
3.545 0.697 0.702
3.547 0.698 0.573
3.554 0.702 0.317
3.558 0.704 0.190
3.576 0.708 0.064
3.605 0.707 -0.064
3.557 0.686 0.704
3.549 0.686 0.573
3.559 0.689 0.445
3.548 0.688 0.316
3.569 0.676 0.706
3.544 0.672 0.571
3.561 0.676 0.445
3.566 0.678 0.318
3.569 0.680 0.190
3.595 0.686 0.064
3.559 0.661 0.704
3.558 0.662 0.573
3.569 0.665 0.446
3.583 0.669 0.191
3.581 0.670 0.064
3.558 0.648 0.703
3.564 0.650 0.574
3.560 0.650 0.444
3.567 0.653 0.317
3.593 0.658 0.191
3.588 0.658 0.064
3.572 0.637 0.705
3.570 0.639 0.574
3.554 0.636 0.443
3.587 0.643 0.319
3.590 0.645 0.191
3.611 0.650 0.064
3.578 0.626 0.706
3.571 0.625 0.574
3.568 0.626 0.445
3.593 0.632 0.319
3.586 0.631 0.191
3.610 0.636 0.064
3.573 0.613 0.574
3.578 0.615 0.446
3.591 0.618 0.319
3.600 0.621 0.191
3.630 0.627 0.064
3.585 0.602 0.576
3.584 0.604 0.318
3.610 0.609 0.192
3.626 0.613 0.064
3.590 0.591 0.447
3.600 0.579 0.578
3.596 0.579 0.447
3.617 0.584 0.321
3.604 0.582 0.191
3.595 0.565 0.576
3.615 0.571 0.320
3.614 0.571 0.192
3.596 0.552 0.576
3.610 0.556 0.448
3.619 0.558 0.320
3.618 0.559 0.192
3.606 0.541 0.578
3.618 0.544 0.449
3.632 0.548 0.192
3.616 0.529 0.579
3.616 0.531 0.449
3.629 0.534 0.321
3.654 0.538 0.194
3.627 0.519 0.580
3.610 0.517 0.448
3.635 0.522 0.321
3.675 0.529 0.195
3.623 0.505 0.579
3.627 0.507 0.450
3.644 0.510 0.322
3.649 0.512 0.193
3.627 0.492 0.580
3.643 0.496 0.451
3.631 0.480 0.580
3.643 0.483 0.451
3.638 0.483 0.321
3.644 0.470 0.451
3.648 0.472 0.322
3.642 0.457 0.451
3.659 0.460 0.323
3.674 0.450 0.324
3.661 0.434 0.453
3.672 0.437 0.324
3.666 0.422 0.453
3.668 0.409 0.453
3.669 0.410 0.323
3.665 0.396 0.453
3.674 0.384 0.454
3.687 0.372 0.455
3.689 0.359 0.455
3.700 0.348 0.456
3.701 0.335 0.456
