2.740 1.166 0.366
2.775 1.160 0.369
2.774 1.147 0.369
2.769 1.133 0.367
2.812 1.152 0.266
2.770 1.124 0.367
2.813 1.142 0.266
2.794 1.122 0.370
2.784 1.119 0.263
2.797 1.112 0.370
2.786 1.109 0.262
2.795 1.100 0.369
2.797 1.102 0.263
2.807 1.092 0.477
2.791 1.087 0.368
2.822 1.100 0.265
2.802 1.079 0.476
2.802 1.080 0.369
2.811 1.084 0.264
2.796 1.066 0.474
2.815 1.074 0.370
2.812 1.074 0.263
2.804 1.057 0.475
2.821 1.065 0.370
2.822 1.066 0.264
2.817 1.051 0.476
2.814 1.050 0.369
2.826 1.056 0.264
2.821 1.041 0.476
2.814 1.039 0.368
2.839 1.049 0.265
2.829 1.033 0.585
2.820 1.030 0.476
2.825 1.033 0.369
2.838 1.039 0.264
2.838 1.025 0.587
2.809 1.015 0.473
2.828 1.023 0.369
2.838 1.027 0.264
2.821 1.008 0.582
2.825 1.011 0.475
2.839 1.016 0.370
2.830 1.014 0.263
2.836 1.002 0.585
2.829 1.000 0.475
2.829 1.001 0.369
2.834 1.004 0.263
2.843 0.993 0.585
2.849 0.997 0.478
2.827 0.990 0.368
2.847 0.997 0.264
2.839 0.981 0.584
2.838 0.981 0.476
2.844 0.984 0.370
2.858 0.990 0.265
2.849 0.988 0.158
2.852 0.974 0.586
2.837 0.970 0.475
2.857 0.977 0.371
2.860 0.979 0.264
2.868 0.983 0.159
2.852 0.962 0.585
2.841 0.959 0.475
2.849 0.963 0.369
2.855 0.966 0.264
2.866 0.971 0.159
2.856 0.952 0.695
2.848 0.950 0.583
2.855 0.954 0.477
2.852 0.953 0.369
2.870 0.960 0.265
2.875 0.963 0.159
2.856 0.941 0.694
2.849 0.939 0.583
2.866 0.946 0.478
2.850 0.941 0.369
2.870 0.949 0.264
2.884 0.954 0.159
2.856 0.929 0.693
2.863 0.933 0.585
2.858 0.933 0.476
2.859 0.933 0.369
2.873 0.939 0.264
2.880 0.942 0.159
2.862 0.921 0.694
2.869 0.924 0.586
2.856 0.921 0.475
2.870 0.926 0.370
2.876 0.929 0.264
2.889 0.934 0.159
2.879 0.915 0.697
2.872 0.914 0.586
2.861 0.911 0.476
2.873 0.916 0.370
2.872 0.917 0.264
2.898 0.926 0.159
2.880 0.905 0.697
2.871 0.903 0.585
2.863 0.902 0.369
2.882 0.909 0.264
2.901 0.916 0.159
2.866 0.889 0.693
2.884 0.896 0.587
2.882 0.896 0.478
2.870 0.893 0.369
2.893 0.902 0.265
2.894 0.903 0.159
2.872 0.880 0.805
2.867 0.879 0.692
2.875 0.882 0.585
2.878 0.884 0.477
2.892 0.890 0.265
2.890 0.890 0.158
2.860 0.866 0.801
2.878 0.872 0.694
2.893 0.877 0.588
2.873 0.872 0.476
2.893 0.879 0.371
2.886 0.878 0.264
2.902 0.884 0.159
2.858 0.854 0.799
2.894 0.865 0.697
2.894 0.867 0.587
2.882 0.864 0.476
2.888 0.866 0.370
2.887 0.867 0.264
2.913 0.876 0.159
2.872 0.847 0.802
2.886 0.853 0.585
2.895 0.856 0.478
2.893 0.856 0.370
2.904 0.861 0.265
2.924 0.868 0.160
2.969 0.882 0.054
2.881 0.839 0.804
2.891 0.842 0.695
2.891 0.843 0.585
2.903 0.847 0.479
2.890 0.845 0.370
2.910 0.852 0.265
2.927 0.858 0.160
2.928 0.859 0.053
2.889 0.830 0.805
2.892 0.832 0.695
2.898 0.836 0.478
2.897 0.836 0.370
2.913 0.842 0.265
2.920 0.845 0.159
2.929 0.848 0.053
2.877 0.816 0.801
2.896 0.822 0.695
2.912 0.828 0.588
2.894 0.823 0.476
2.915 0.830 0.372
2.908 0.830 0.265
2.927 0.836 0.160
2.949 0.843 0.054
2.884 0.807 0.802
2.907 0.814 0.697
2.913 0.817 0.588
2.891 0.812 0.476
2.914 0.819 0.372
2.913 0.820 0.265
2.934 0.827 0.160
2.939 0.829 0.053
2.894 0.799 0.804
2.917 0.806 0.699
2.904 0.804 0.586
2.918 0.809 0.480
2.908 0.806 0.370
2.920 0.811 0.265
2.948 0.820 0.160
2.942 0.819 0.053
2.915 0.794 0.810
2.910 0.793 0.696
2.922 0.798 0.589
2.927 0.800 0.481
2.903 0.794 0.370
2.929 0.802 0.266
2.935 0.805 0.160
2.948 0.809 0.053
2.923 0.786 0.699
2.936 0.791 0.591
2.918 0.787 0.479
2.909 0.785 0.370
2.943 0.795 0.267
2.934 0.794 0.159
2.955 0.800 0.053
2.904 0.769 0.805
2.923 0.775 0.698
2.935 0.779 0.590
2.921 0.777 0.479
2.931 0.780 0.372
2.938 0.783 0.266
2.945 0.785 0.160
2.962 0.791 0.054
2.903 0.758 0.804
2.917 0.762 0.696
2.929 0.767 0.588
2.937 0.769 0.481
2.945 0.773 0.374
2.953 0.776 0.160
2.961 0.779 0.053
2.917 0.751 0.807
2.931 0.756 0.588
2.948 0.762 0.374
2.945 0.763 0.266
2.958 0.767 0.160
2.963 0.769 0.053
2.921 0.741 0.808
2.946 0.748 0.702
2.940 0.748 0.590
2.942 0.749 0.481
2.935 0.748 0.372
2.965 0.757 0.268
2.978 0.762 0.054
2.931 0.734 0.810
2.945 0.738 0.701
2.955 0.742 0.592
2.946 0.741 0.481
2.938 0.739 0.372
2.970 0.748 0.268
2.967 0.748 0.160
2.968 0.749 0.053
2.922 0.720 0.806
2.953 0.729 0.702
2.954 0.731 0.592
2.941 0.728 0.480
2.958 0.733 0.374
2.957 0.734 0.267
2.964 0.736 0.160
2.996 0.745 0.054
3.038 0.750 -0.055
2.925 0.711 0.806
2.961 0.720 0.704
2.953 0.719 0.591
2.962 0.723 0.374
2.961 0.724 0.267
2.976 0.728 0.161
2.991 0.733 0.054
2.994 0.728 -0.054
2.935 0.702 0.809
2.975 0.713 0.706
2.942 0.706 0.588
2.970 0.713 0.484
2.967 0.713 0.375
2.969 0.715 0.267
2.982 0.719 0.161
2.990 0.722 0.054
3.014 0.721 -0.054
2.971 0.700 0.818
2.968 0.700 0.704
2.958 0.699 0.591
2.964 0.701 0.482
2.976 0.706 0.268
2.977 0.707 0.160
3.002 0.713 0.054
3.015 0.710 -0.054
2.969 0.689 0.704
2.960 0.688 0.591
2.967 0.691 0.482
2.954 0.689 0.372
2.982 0.696 0.268
2.976 0.695 0.160
3.008 0.704 0.054
3.014 0.699 -0.054
2.961 0.676 0.814
2.975 0.680 0.705
2.982 0.682 0.595
2.967 0.680 0.482
2.970 0.681 0.374
2.990 0.687 0.161
3.022 0.696 0.054
3.008 0.687 -0.054
2.944 0.661 0.809
2.974 0.670 0.593
2.977 0.671 0.483
2.986 0.674 0.376
2.977 0.673 0.267
2.994 0.677 0.161
3.017 0.684 0.054
3.018 0.678 -0.054
2.985 0.660 0.706
2.975 0.659 0.592
2.991 0.663 0.485
2.982 0.662 0.375
2.989 0.665 0.268
3.010 0.670 0.162
3.008 0.671 0.054
3.032 0.670 -0.054
2.976 0.647 0.703
3.001 0.654 0.487
2.985 0.652 0.375
3.007 0.658 0.269
3.003 0.657 0.161
3.020 0.662 0.054
3.035 0.659 -0.054
2.982 0.638 0.704
2.985 0.639 0.593
2.996 0.643 0.485
2.997 0.644 0.376
3.009 0.647 0.269
3.003 0.647 0.161
3.020 0.651 0.054
3.033 0.648 -0.054
2.996 0.630 0.707
3.008 0.633 0.598
2.990 0.630 0.484
3.012 0.636 0.378
3.012 0.637 0.269
3.021 0.639 0.162
3.034 0.643 0.054
3.029 0.636 -0.054
3.010 0.622 0.709
3.007 0.623 0.597
3.004 0.623 0.486
3.005 0.624 0.377
3.033 0.632 0.162
3.034 0.633 0.054
3.032 0.626 -0.054
3.010 0.611 0.709
3.005 0.611 0.596
3.022 0.615 0.488
3.017 0.615 0.378
3.016 0.616 0.269
3.027 0.620 0.054
3.055 0.620 -0.054
3.008 0.600 0.708
3.007 0.601 0.596
3.014 0.603 0.487
3.001 0.601 0.376
3.024 0.607 0.270
3.029 0.609 0.162
3.048 0.614 0.054
3.067 0.611 -0.055
3.012 0.590 0.709
3.032 0.595 0.601
3.016 0.592 0.487
3.013 0.593 0.377
3.034 0.598 0.271
3.027 0.598 0.162
3.056 0.604 0.054
3.060 0.599 -0.054
3.038 0.585 0.601
3.012 0.581 0.486
3.027 0.585 0.379
3.039 0.589 0.162
3.076 0.597 0.055
3.062 0.588 -0.054
3.030 0.571 0.712
3.033 0.573 0.600
3.030 0.574 0.488
3.029 0.574 0.379
3.022 0.574 0.269
3.055 0.581 0.163
3.061 0.583 0.054
3.071 0.579 -0.055
3.030 0.560 0.711
3.036 0.564 0.489
3.023 0.562 0.378
3.034 0.565 0.270
3.063 0.572 0.163
3.059 0.571 0.054
3.077 0.569 -0.055
3.028 0.549 0.710
3.021 0.549 0.597
3.045 0.555 0.490
3.021 0.551 0.377
3.042 0.556 0.271
3.043 0.557 0.162
3.047 0.558 0.054
3.091 0.560 -0.055
3.028 0.538 0.710
3.038 0.541 0.600
3.041 0.543 0.379
3.048 0.546 0.271
3.049 0.546 0.162
3.052 0.533 0.602
3.030 0.529 0.487
3.080 0.539 0.384
3.061 0.537 0.272
3.059 0.537 0.163
3.076 0.541 0.055
3.043 0.521 0.489
3.051 0.524 0.271
3.061 0.526 0.163
3.072 0.530 0.054
3.061 0.512 0.603
3.054 0.513 0.380
3.087 0.519 0.274
3.069 0.517 0.163
3.078 0.519 0.054
3.057 0.501 0.602
3.072 0.504 0.493
3.098 0.510 0.275
3.082 0.508 0.164
3.084 0.509 0.055
3.067 0.491 0.604
3.066 0.492 0.492
3.069 0.493 0.382
3.086 0.497 0.273
3.103 0.502 0.055
3.076 0.482 0.605
3.066 0.481 0.492
3.079 0.484 0.383
3.082 0.485 0.273
3.084 0.486 0.164
3.115 0.492 0.055
3.064 0.469 0.603
3.071 0.471 0.492
3.079 0.473 0.382
3.076 0.473 0.272
3.111 0.480 0.055
3.093 0.463 0.495
3.092 0.464 0.384
3.087 0.464 0.273
3.103 0.467 0.164
3.077 0.449 0.604
3.100 0.453 0.496
3.088 0.452 0.383
3.083 0.453 0.273
3.104 0.456 0.164
3.087 0.439 0.606
3.105 0.444 0.385
3.106 0.445 0.275
3.094 0.444 0.164
3.094 0.429 0.607
3.086 0.429 0.493
3.106 0.434 0.274
3.092 0.432 0.164
3.088 0.418 0.606
3.087 0.418 0.493
3.110 0.423 0.385
3.113 0.424 0.275
3.111 0.424 0.165
3.104 0.410 0.496
3.103 0.411 0.384
3.108 0.413 0.164
3.100 0.398 0.495
3.105 0.399 0.384
3.134 0.404 0.276
3.107 0.388 0.496
3.124 0.391 0.387
3.127 0.392 0.276
3.110 0.377 0.496
3.119 0.368 0.497
3.133 0.370 0.387
3.118 0.370 0.275
3.146 0.360 0.502
3.130 0.359 0.387
3.133 0.360 0.276
3.126 0.346 0.498
3.131 0.348 0.387
3.142 0.350 0.277
3.139 0.337 0.500
3.134 0.338 0.276
3.128 0.325 0.498
3.153 0.328 0.389
3.133 0.314 0.499
3.150 0.317 0.389
3.140 0.317 0.276
3.146 0.305 0.501
3.149 0.305 0.389
3.149 0.294 0.501
3.151 0.294 0.389
3.152 0.283 0.389
3.174 0.274 0.391
3.176 0.252 0.391
3.161 0.240 0.389
