3.233 1.177 0.301
3.245 1.156 0.301
3.251 1.145 0.302
3.248 1.131 0.301
3.263 1.122 0.424
3.248 1.118 0.301
3.253 1.106 0.422
3.254 1.108 0.301
3.251 1.093 0.421
3.261 1.083 0.422
3.278 1.091 0.302
3.270 1.074 0.423
3.274 1.077 0.302
3.276 1.064 0.423
3.272 1.064 0.301
3.272 1.050 0.422
3.278 1.053 0.301
3.301 1.046 0.548
3.270 1.037 0.421
3.287 1.044 0.302
3.295 1.031 0.547
3.281 1.028 0.422
3.289 1.032 0.302
3.295 1.019 0.546
3.290 1.018 0.423
3.283 1.017 0.301
3.306 1.010 0.548
3.299 1.009 0.424
3.273 1.002 0.299
3.310 0.998 0.548
3.295 0.994 0.423
3.292 0.995 0.301
3.321 0.988 0.549
3.289 0.980 0.421
3.305 0.986 0.302
3.290 0.983 0.180
3.323 0.976 0.673
3.315 0.975 0.547
3.294 0.970 0.422
3.310 0.975 0.302
3.293 0.972 0.180
3.332 0.966 0.674
3.307 0.961 0.423
3.298 0.959 0.301
3.314 0.965 0.181
3.324 0.951 0.672
3.310 0.948 0.545
3.315 0.950 0.423
3.300 0.947 0.300
3.313 0.953 0.181
3.321 0.938 0.671
3.332 0.942 0.548
3.312 0.937 0.423
3.311 0.938 0.301
3.324 0.943 0.181
3.336 0.930 0.673
3.330 0.929 0.548
3.302 0.922 0.421
3.329 0.931 0.302
3.322 0.929 0.181
3.349 0.921 0.675
3.337 0.918 0.548
3.322 0.915 0.423
3.323 0.917 0.181
3.354 0.910 0.675
3.332 0.905 0.547
3.325 0.904 0.423
3.326 0.905 0.302
3.330 0.907 0.181
3.372 0.901 0.806
3.345 0.895 0.673
3.335 0.893 0.547
3.330 0.893 0.423
3.315 0.890 0.300
3.366 0.886 0.804
3.350 0.884 0.549
3.332 0.880 0.423
3.330 0.881 0.301
3.350 0.887 0.182
3.359 0.872 0.801
3.350 0.871 0.673
3.353 0.872 0.549
3.327 0.867 0.422
3.345 0.873 0.302
3.335 0.871 0.181
3.358 0.860 0.800
3.370 0.864 0.676
3.332 0.856 0.422
3.350 0.862 0.303
3.336 0.859 0.181
3.375 0.851 0.804
3.377 0.853 0.677
3.344 0.845 0.546
3.349 0.849 0.302
3.337 0.847 0.180
3.376 0.839 0.803
3.368 0.839 0.675
3.362 0.838 0.549
3.357 0.838 0.425
3.346 0.836 0.302
3.350 0.838 0.181
3.390 0.830 0.806
3.365 0.825 0.674
3.371 0.828 0.550
3.347 0.823 0.423
3.355 0.826 0.302
3.363 0.828 0.182
3.388 0.836 0.061
3.381 0.816 0.803
3.372 0.815 0.674
3.349 0.811 0.423
3.369 0.818 0.303
3.363 0.817 0.181
3.371 0.820 0.061
3.379 0.804 0.675
3.370 0.803 0.549
3.360 0.802 0.424
3.370 0.805 0.303
3.357 0.803 0.181
3.368 0.807 0.060
3.393 0.793 0.804
3.389 0.794 0.677
3.381 0.792 0.550
3.367 0.790 0.425
3.365 0.791 0.302
3.365 0.792 0.181
3.379 0.796 0.061
3.390 0.780 0.803
3.386 0.781 0.550
3.381 0.781 0.426
3.360 0.778 0.302
3.372 0.781 0.181
3.374 0.783 0.060
3.404 0.771 0.806
3.387 0.768 0.675
3.366 0.765 0.424
3.372 0.768 0.303
3.377 0.770 0.182
3.379 0.771 0.060
3.397 0.758 0.677
3.393 0.758 0.551
3.377 0.755 0.425
3.383 0.758 0.303
3.373 0.757 0.181
3.385 0.760 0.061
3.409 0.747 0.806
3.404 0.747 0.677
3.390 0.745 0.550
3.397 0.749 0.304
3.376 0.745 0.181
3.401 0.752 0.061
3.412 0.735 0.806
3.406 0.735 0.677
3.392 0.733 0.550
3.397 0.735 0.427
3.388 0.734 0.303
3.379 0.734 0.181
3.406 0.740 0.061
3.420 0.726 0.807
3.402 0.724 0.551
3.402 0.725 0.427
3.385 0.722 0.303
3.395 0.725 0.182
3.393 0.726 0.061
3.411 0.713 0.677
3.409 0.713 0.552
3.396 0.711 0.426
3.391 0.711 0.303
3.401 0.715 0.182
3.395 0.714 0.061
3.433 0.703 0.809
3.414 0.700 0.677
3.415 0.702 0.552
3.387 0.697 0.425
3.403 0.701 0.304
3.394 0.700 0.182
3.400 0.702 0.061
3.429 0.690 0.808
3.408 0.688 0.551
3.401 0.687 0.426
3.414 0.691 0.305
3.396 0.688 0.182
3.428 0.695 0.061
3.422 0.676 0.805
3.436 0.680 0.681
3.403 0.674 0.549
3.413 0.677 0.427
3.406 0.677 0.304
3.399 0.677 0.182
3.430 0.684 0.061
3.432 0.665 0.807
3.431 0.666 0.679
3.418 0.665 0.552
3.414 0.665 0.427
3.410 0.665 0.304
3.409 0.666 0.182
3.417 0.668 0.061
3.434 0.653 0.807
3.425 0.653 0.678
3.427 0.654 0.553
3.408 0.651 0.426
3.411 0.653 0.304
3.423 0.656 0.183
3.419 0.657 0.061
3.432 0.652 -0.061
3.433 0.641 0.806
3.439 0.643 0.680
3.433 0.642 0.553
3.397 0.637 0.424
3.419 0.642 0.304
3.415 0.642 0.182
3.425 0.645 0.061
3.434 0.640 -0.061
3.445 0.632 0.681
3.437 0.631 0.553
3.422 0.629 0.427
3.429 0.632 0.305
3.414 0.630 0.182
3.435 0.635 0.061
3.429 0.627 -0.061
3.453 0.621 0.682
3.435 0.618 0.553
3.432 0.619 0.428
3.445 0.624 0.061
3.427 0.614 -0.061
3.447 0.608 0.680
3.445 0.609 0.554
3.440 0.608 0.429
3.435 0.609 0.305
3.436 0.609 0.183
3.430 0.610 0.061
3.433 0.603 -0.061
3.453 0.596 0.681
3.449 0.596 0.554
3.435 0.595 0.428
3.425 0.595 0.304
3.449 0.600 0.183
3.435 0.591 -0.061
3.461 0.585 0.682
3.443 0.583 0.553
3.441 0.583 0.428
3.435 0.584 0.305
3.446 0.587 0.061
3.467 0.573 0.683
3.443 0.571 0.428
3.447 0.573 0.306
3.442 0.573 0.183
3.446 0.575 0.061
3.449 0.568 -0.061
3.473 0.562 0.684
3.471 0.563 0.557
3.443 0.560 0.305
3.450 0.562 0.183
3.475 0.567 0.061
3.435 0.554 -0.061
3.467 0.549 0.682
3.456 0.549 0.430
3.445 0.548 0.305
3.456 0.550 0.183
3.446 0.550 0.061
3.451 0.544 -0.061
3.473 0.538 0.683
3.469 0.538 0.556
3.456 0.537 0.429
3.467 0.540 0.184
3.461 0.541 0.061
3.459 0.534 -0.061
3.479 0.526 0.684
3.478 0.527 0.557
3.444 0.523 0.428
3.457 0.526 0.306
3.471 0.530 0.061
3.482 0.525 -0.061
3.488 0.515 0.685
3.469 0.513 0.555
3.472 0.516 0.307
3.453 0.514 0.183
3.463 0.516 0.061
3.482 0.512 -0.061
3.478 0.502 0.557
3.477 0.503 0.431
3.470 0.503 0.307
3.471 0.504 0.184
3.501 0.493 0.687
3.482 0.491 0.557
3.489 0.493 0.433
3.490 0.494 0.308
3.474 0.493 0.184
3.467 0.493 0.061
3.495 0.479 0.686
3.493 0.481 0.433
3.486 0.481 0.308
3.490 0.482 0.185
3.474 0.481 0.061
3.493 0.466 0.685
3.495 0.467 0.558
3.501 0.470 0.309
3.484 0.469 0.184
3.488 0.470 0.061
3.502 0.456 0.559
3.490 0.455 0.432
3.477 0.456 0.184
3.493 0.459 0.062
3.496 0.444 0.558
3.507 0.446 0.434
3.492 0.445 0.308
3.511 0.448 0.185
3.497 0.447 0.062
3.513 0.433 0.561
3.509 0.433 0.434
3.490 0.432 0.308
3.494 0.434 0.185
3.510 0.437 0.062
3.512 0.421 0.434
3.499 0.421 0.308
3.498 0.422 0.185
3.522 0.409 0.562
3.510 0.409 0.434
3.511 0.410 0.309
3.491 0.409 0.184
3.512 0.396 0.560
3.513 0.397 0.434
3.520 0.399 0.310
3.493 0.397 0.184
3.525 0.385 0.562
3.515 0.386 0.309
3.510 0.387 0.185
3.524 0.372 0.561
3.541 0.376 0.311
3.519 0.374 0.185
3.533 0.360 0.563
3.517 0.360 0.434
3.536 0.364 0.186
3.550 0.351 0.565
3.524 0.349 0.435
3.525 0.350 0.310
3.538 0.352 0.186
3.532 0.336 0.562
3.531 0.337 0.436
3.543 0.325 0.563
3.544 0.326 0.437
3.541 0.327 0.311
3.564 0.314 0.567
3.557 0.314 0.438
3.531 0.313 0.310
3.555 0.300 0.565
3.556 0.301 0.438
3.544 0.301 0.311
3.546 0.287 0.563
3.549 0.289 0.311
3.556 0.277 0.438
3.556 0.278 0.312
3.557 0.264 0.438
3.564 0.252 0.439
3.576 0.228 0.440
3.577 0.216 0.440
3.593 0.204 0.442
