-38.990926,-6.936332,841.568067
-39.579483,18.056729,841.545834
-40.168041,43.049790,841.523600
-40.756598,68.042852,841.501367
-41.345155,93.035913,841.479133
-41.933712,118.028974,841.456900
-42.522270,143.022035,841.434666
-43.110827,168.015096,841.412433
-37.505846,-6.959640,839.914026
-38.100420,18.033269,839.882064
-38.694993,43.026177,839.850101
-39.289567,68.019085,839.818139
-39.884140,93.011993,839.786176
-40.478714,118.004901,839.754214
-41.073288,142.997810,839.722251
-41.667861,167.990718,839.690289
-35.967257,-6.973026,838.266956
-36.568217,18.019720,838.228107
-37.169177,43.012466,838.189257
-37.770137,68.005211,838.150407
-38.371097,92.997957,838.111557
-38.972057,117.990703,838.072708
-39.573017,142.983448,838.033858
-40.173977,167.976194,837.995008
-34.377945,-6.986940,836.603246
-34.983970,18.005668,836.555457
-35.589996,42.998276,836.507669
-36.196022,67.990884,836.459880
-36.802048,92.983492,836.412092
-37.408074,117.976099,836.364303
-38.014099,142.968707,836.316514
-38.620125,167.961315,836.268726
-32.732865,-7.001379,834.934955
-33.345270,17.991059,834.880207
-33.957674,42.983497,834.825459
-34.570078,67.975935,834.770711
-35.182482,92.968374,834.715963
-35.794886,117.960812,834.661215
-36.407291,142.953250,834.606467
-37.019695,167.945688,834.551719
-31.130679,-7.016695,833.381521
-31.748018,17.975600,833.317616
-32.365358,42.967895,833.253710
-32.982697,67.960190,833.189805
-33.600036,92.952485,833.125899
-34.217375,117.944780,833.061994
-34.834714,142.937075,832.998089
-35.452053,167.929370,832.934183
-29.501646,-7.030080,831.855750
-30.125004,17.962044,831.783908
-30.748362,42.954168,831.712065
-31.371720,67.946292,831.640223
-31.995078,92.938416,831.568380
-32.618437,117.930540,831.496538
-33.241795,142.922664,831.424695
-33.865153,167.914788,831.352853
-27.847657,-7.043846,830.343362
-28.475579,17.948136,830.262452
-29.103500,42.940118,830.181543
-29.731422,67.932100,830.100634
-30.359344,92.924082,830.019725
-30.987266,117.916064,829.938815
-31.615188,142.908046,829.857906
-32.243109,167.900028,829.776997
-26.183031,-7.057791,828.906229
-26.815765,17.934038,828.815946
-27.448499,42.925866,828.725664
-28.081232,67.917695,828.635381
-28.713966,92.909523,828.545099
-29.346700,117.901352,828.454816
-29.979433,142.893181,828.364534
-30.612167,167.885009,828.274251
-24.473815,-7.065099,827.481768
-25.112018,17.926563,827.384361
-25.750221,42.918226,827.286955
-26.388424,67.909889,827.189548
-27.026628,92.901552,827.092141
-27.664831,117.893214,826.994735
-28.303034,142.884877,826.897328
-28.941237,167.876540,826.799922
-22.687022,-7.077991,826.011206
-23.330124,17.913511,825.905244
-23.973226,42.905014,825.799283
-24.616328,67.896516,825.693321
-25.259431,92.888019,825.587360
-25.902533,117.879521,825.481398
-26.545635,142.871023,825.375436
-27.188738,167.862526,825.269475
-20.847686,-7.087874,824.577448
-21.496049,17.903451,824.462278
-22.144411,42.894777,824.347108
-22.792774,67.886103,824.231938
-23.441137,92.877429,824.116767
-24.089499,117.868754,824.001597
-24.737862,142.860080,823.886427
-25.386225,167.851406,823.771257
-19.036327,-7.101056,823.198476
-19.689081,17.890109,823.073638
-20.341836,42.881274,822.948801
-20.994591,67.872439,822.823964
-21.647346,92.863604,822.699126
-22.300100,117.854769,822.574289
-22.952855,142.845934,822.449451
-23.605610,167.837099,822.324614
-17.257153,-7.106757,821.879890
-17.914093,17.884261,821.747711
-18.571033,42.875278,821.615532
-19.227973,67.866296,821.483353
-19.884913,92.857313,821.351174
-20.541853,117.848331,821.218994
-21.198793,142.839348,821.086815
-21.855733,167.830366,820.954636
-15.424207,-7.116604,820.603143
-16.085084,17.874257,820.461282
-16.745962,42.865118,820.319420
-17.406839,67.855978,820.177559
-18.067717,92.846839,820.035698
-18.728594,117.837699,819.893837
-19.389472,142.828560,819.751976
-20.050349,167.819421,819.610115
-13.636307,-7.125058,819.371350
-14.301518,17.865641,819.221373
-14.966730,42.856339,819.071396
-15.631941,67.847037,818.921419
-16.297153,92.837735,818.771442
-16.962365,117.828434,818.621465
-17.627576,142.819132,818.471488
-18.292788,167.809830,818.321511
-11.729102,-7.132086,818.147626
-12.397505,17.858464,817.987571
-13.065909,42.849015,817.827516
-13.734313,67.839565,817.667461
-14.402716,92.830116,817.507406
-15.071120,117.820667,817.347351
-15.739524,142.811217,817.187296
-16.407927,167.801768,817.027241
-9.835083,-7.140741,816.949399
-10.507364,17.849645,816.780065
-11.179645,42.840030,816.610732
-11.851927,67.830415,816.441398
-12.524208,92.820801,816.272064
-13.196489,117.811186,816.102731
-13.868771,142.801572,815.933397
-14.541052,167.791957,815.764063
-7.818661,-7.148438,815.714600
-8.495093,17.841770,815.535984
-9.171524,42.831979,815.357367
-9.847956,67.822188,815.178751
-10.524388,92.812397,815.000135
-11.200819,117.802606,814.821518
-11.877251,142.792814,814.642902
-12.553683,167.783023,814.464286
-5.848156,-7.152393,814.582404
-6.527632,17.837664,814.394301
-7.207107,42.827720,814.206199
-7.886583,67.817777,814.018096
-8.566059,92.807834,813.829994
-9.245534,117.797890,813.641891
-9.925010,142.787947,813.453789
-10.604486,167.778003,813.265686
-3.894393,-7.159881,813.490299
-4.576792,17.830021,813.292411
-5.259190,42.819922,813.094523
-5.941588,67.809824,812.896635
-6.623987,92.799725,812.698748
-7.306385,117.789627,812.500860
-7.988784,142.779528,812.302972
-8.671182,167.769429,812.105084
-1.903270,-7.165713,812.432209
-2.588996,17.824023,812.225145
-3.274722,42.813759,812.018080
-3.960448,67.803495,811.811016
-4.646174,92.793231,811.603951
-5.331900,117.782966,811.396887
-6.017625,142.772702,811.189822
-6.703351,167.762438,810.982757
0.010337,-7.166797,811.463872
-0.677943,17.822786,811.247090
-1.366223,42.812370,811.030307
-2.054504,67.801953,810.813525
-2.742784,92.791536,810.596742
-3.431064,117.781120,810.379960
-4.119345,142.770703,810.163177
-4.807625,167.760286,809.946395
2.037776,-7.172050,810.444702
1.346865,17.817377,810.218411
0.655954,42.806803,809.992121
-0.034957,67.796230,809.765830
-0.725868,92.785656,809.539539
-1.416779,117.775082,809.313249
-2.107690,142.764509,809.086958
-2.798600,167.753935,808.860667
4.082268,-7.175720,809.499827
3.389066,17.813548,809.263243
2.695864,42.802816,809.026660
2.002663,67.792083,808.790077
1.309461,92.781351,808.553493
0.616259,117.770619,808.316910
-0.076943,142.759886,808.080326
-0.770144,167.749154,807.843743
6.212307,-7.175686,808.531344
5.516361,17.813416,808.285483
4.820415,42.802518,808.039621
4.124468,67.791620,807.793760
3.428522,92.780721,807.547898
2.732576,117.769823,807.302037
2.036630,142.758925,807.056175
1.340683,167.748027,806.810314
