"X" "Y" "Z" "Intensity"
nan nan nan nan
nan nan nan nan
nan nan nan nan
nan nan nan nan
nan nan nan nan
nan nan nan nan
nan nan nan nan
nan nan nan nan
nan nan nan nan
nan nan nan nan
nan nan nan nan
nan nan nan nan
nan nan nan nan
nan nan nan nan
nan nan nan nan
nan nan nan nan
nan nan nan nan
nan nan nan nan
nan nan nan nan
nan nan nan nan
nan nan nan nan
nan nan nan nan
nan nan nan nan
nan nan nan nan
nan nan nan nan
nan nan nan nan
nan nan nan nan
nan nan nan nan
nan nan nan nan
nan nan nan nan
nan nan nan nan
nan nan nan nan
nan nan nan nan
nan nan nan nan
nan nan nan nan
nan nan nan nan
nan nan nan nan
nan nan nan nan
nan nan nan nan
nan nan nan nan
nan nan nan nan
nan nan nan nan
nan nan nan nan
nan nan nan nan
nan nan nan nan
nan nan nan nan
nan nan nan nan
nan nan nan nan
nan nan nan nan
nan nan nan nan
nan nan nan nan
nan nan nan nan
nan nan nan nan
nan nan nan nan
nan nan nan nan
nan nan nan nan
nan nan nan nan
nan nan nan nan
nan nan nan nan
nan nan nan nan
nan nan nan nan
nan nan nan nan
nan nan nan nan
nan nan nan nan
nan nan nan nan
nan nan nan nan
nan nan nan nan
nan nan nan nan
nan nan nan nan
nan nan nan nan
nan nan nan nan
nan nan nan nan
nan nan nan nan
nan nan nan nan
nan nan nan nan
nan nan nan nan
nan nan nan nan
nan nan nan nan
nan nan nan nan
nan nan nan nan
nan nan nan nan
nan nan nan nan
nan nan nan nan
nan nan nan nan
nan nan nan nan
nan nan nan nan
nan nan nan nan
nan nan nan nan
nan nan nan nan
nan nan nan nan
2.437 7.447 2.100 0.000
2.451 7.398 2.088 0.000
2.472 7.374 2.084 0.000
2.501 7.373 2.086 0.000
2.527 7.372 2.088 0.000
2.553 7.361 2.088 1.000
2.573 7.342 2.085 1.000
2.603 7.346 2.088 2.000
2.620 7.315 2.082 2.000
2.645 7.298 2.080 6.000
2.674 7.303 2.084 6.000
2.697 7.287 2.082 6.000
2.722 7.277 2.082 8.000
2.750 7.269 2.082 10.000
2.769 7.251 2.080 12.000
2.794 7.240 2.079 15.000
2.818 7.228 2.079 16.000
2.843 7.217 2.078 22.000
2.874 7.219 2.082 23.000
2.895 7.198 2.079 28.000
2.909 7.171 2.074 32.000
2.941 7.175 2.078 36.000
2.965 7.165 2.078 36.000
2.996 7.165 2.081 36.000
3.018 7.151 2.080 43.000
3.037 7.123 2.075 45.000
3.061 7.118 2.076 47.000
3.090 7.114 2.078 50.000
3.115 7.107 2.079 51.000
3.141 7.094 2.079 60.000
3.157 7.068 2.074 56.000
3.183 7.060 2.075 58.000
3.211 7.056 2.077 63.000
3.241 7.053 2.080 60.000
3.257 7.029 2.076 60.000
3.271 6.995 2.069 42.000
3.307 7.008 2.076 57.000
3.332 6.996 2.076 56.000
3.357 6.988 2.077 57.000
3.375 6.962 2.073 57.000
3.399 6.946 2.072 58.000
3.430 6.948 2.076 58.000
3.456 6.940 2.077 57.000
3.481 6.931 2.078 58.000
3.501 6.913 2.076 58.000
3.522 6.891 2.074 60.000
3.545 6.886 2.075 58.000
3.577 6.887 2.079 31.000
3.603 6.880 2.081 56.000
3.623 6.858 2.078 64.000
3.636 6.825 2.072 57.000
3.665 6.818 2.074 58.000
3.688 6.806 2.074 58.000
3.718 6.803 2.077 57.000
3.733 6.777 2.073 57.000
3.754 6.759 2.072 60.000
3.782 6.754 2.074 58.000
3.810 6.745 2.076 60.000
3.829 6.730 2.075 60.000
3.851 6.713 2.074 60.000
3.873 6.695 2.073 60.000
3.899 6.683 2.073 58.000
3.926 6.681 2.076 63.000
3.949 6.667 2.076 63.000
3.965 6.644 2.073 57.000
3.989 6.632 2.074 60.000
4.015 6.619 2.074 57.000
4.040 6.608 2.075 58.000
4.064 6.600 2.077 60.000
4.081 6.574 2.073 58.000
4.110 6.569 2.076 63.000
4.140 6.564 2.079 36.000
4.164 6.556 2.081 60.000
4.187 6.539 2.080 64.000
4.197 6.507 2.075 60.000
4.222 6.493 2.075 63.000
4.239 6.473 2.073 58.000
4.268 6.465 2.076 60.000
4.293 6.460 2.078 58.000
4.307 6.432 2.074 57.000
4.327 6.412 2.073 60.000
4.351 6.398 2.073 58.000
4.374 6.391 2.075 58.000
4.407 6.390 2.080 60.000
4.418 6.356 2.074 57.000
4.440 6.339 2.074 60.000
4.461 6.326 2.074 57.000
4.488 6.317 2.076 58.000
4.515 6.307 2.078 58.000
4.529 6.280 2.075 60.000
4.544 6.257 2.072 65.000
4.568 6.244 2.073 57.000
4.596 6.238 2.076 58.000
4.623 6.228 2.078 58.000
4.638 6.202 2.075 58.000
4.662 6.187 2.076 52.000
4.690 6.181 2.079 67.000
4.706 6.156 2.076 58.000
4.729 6.145 2.078 60.000
4.743 6.117 2.074 63.000
4.761 6.099 2.073 65.000
4.784 6.081 2.073 56.000
4.811 6.074 2.076 63.000
4.835 6.060 2.077 58.000
4.847 6.035 2.074 65.000
4.867 6.015 2.073 65.000
4.891 6.003 2.075 60.000
4.914 5.989 2.076 60.000
4.937 5.972 2.076 57.000
4.952 5.945 2.073 58.000
4.976 5.932 2.075 60.000
4.994 5.912 2.074 60.000
5.021 5.904 2.077 60.000
5.043 5.888 2.077 58.000
5.061 5.865 2.076 60.000
5.075 5.840 2.073 63.000
5.094 5.823 2.073 57.000
5.123 5.813 2.076 63.000
5.147 5.803 2.078 63.000
5.165 5.781 2.077 45.000
5.186 5.765 2.078 67.000
5.198 5.736 2.074 58.000
5.225 5.728 2.077 65.000
5.244 5.707 2.077 67.000
5.257 5.683 2.074 63.000
5.276 5.662 2.074 60.000
5.291 5.642 2.073 60.000
5.315 5.628 2.074 63.000
5.334 5.609 2.074 58.000
5.350 5.584 2.072 63.000
5.368 5.567 2.072 63.000
5.387 5.548 2.072 65.000
5.406 5.532 2.073 60.000
5.433 5.519 2.075 63.000
5.443 5.493 2.072 65.000
5.458 5.470 2.071 60.000
5.480 5.451 2.071 63.000
5.503 5.436 2.073 67.000
5.531 5.426 2.076 63.000
5.539 5.396 2.072 63.000
5.554 5.375 2.071 65.000
5.580 5.360 2.073 65.000
5.599 5.345 2.074 63.000
5.622 5.327 2.075 57.000
5.634 5.303 2.073 72.000
5.649 5.279 2.072 67.000
5.663 5.255 2.070 65.000
5.692 5.243 2.074 67.000
5.707 5.224 2.073 65.000
5.720 5.198 2.071 63.000
5.737 5.180 2.071 65.000
5.762 5.166 2.074 74.000
5.789 5.154 2.077 105.000
5.800 5.126 2.074 115.000
5.810 5.101 2.072 106.000
5.828 5.080 2.072 75.000
5.844 5.059 2.071 69.000
5.871 5.045 2.074 65.000
5.887 5.026 2.074 63.000
5.896 4.998 2.071 63.000
5.911 4.974 2.070 63.000
5.936 4.960 2.073 67.000
5.953 4.939 2.073 60.000
5.976 4.923 2.075 67.000
5.985 4.897 2.072 63.000
6.003 4.875 2.072 69.000
6.019 4.855 2.072 65.000
6.040 4.835 2.073 63.000
6.065 4.823 2.076 65.000
6.074 4.793 2.073 58.000
6.088 4.772 2.073 67.000
6.104 4.748 2.072 65.000
6.124 4.735 2.074 69.000
6.138 4.710 2.073 63.000
6.146 4.680 2.070 65.000
6.163 4.659 2.070 72.000
6.177 4.636 2.070 67.000
6.203 4.621 2.073 67.000
6.226 4.607 2.075 72.000
6.223 4.571 2.069 65.000
6.229 4.540 2.065 51.000
6.238 4.514 2.063 32.000
6.279 4.510 2.072 105.000
6.278 4.476 2.066 29.000
6.291 4.454 2.065 36.000
6.327 4.447 2.072 67.000
6.337 4.419 2.070 69.000
6.357 4.400 2.072 67.000
6.377 4.381 2.073 69.000
6.380 4.350 2.069 65.000
6.395 4.331 2.070 67.000
6.411 4.310 2.070 63.000
6.433 4.289 2.072 67.000
6.456 4.271 2.074 69.000
6.455 4.242 2.070 67.000
6.476 4.223 2.072 60.000
6.493 4.200 2.072 69.000
6.509 4.179 2.073 74.000
6.529 4.158 2.074 69.000
6.534 4.129 2.071 72.000
6.544 4.106 2.070 72.000
6.561 4.086 2.071 69.000
6.579 4.064 2.072 72.000
6.595 4.042 2.073 67.000
6.601 4.017 2.071 67.000
6.613 3.991 2.070 67.000
6.627 3.971 2.070 72.000
6.651 3.954 2.073 72.000
6.668 3.931 2.074 72.000
6.674 3.903 2.072 105.000
6.680 3.874 2.069 109.000
6.695 3.851 2.070 106.000
6.713 3.832 2.071 70.000
6.730 3.809 2.072 65.000
6.729 3.783 2.068 67.000
6.748 3.761 2.070 72.000
6.758 3.735 2.069 69.000
6.778 3.714 2.071 69.000
6.797 3.697 2.073 72.000
6.804 3.668 2.071 69.000
6.809 3.642 2.069 69.000
6.827 3.619 2.071 102.000
6.843 3.599 2.072 67.000
6.864 3.579 2.074 108.000
6.852 3.543 2.067 70.000
6.874 3.522 2.070 102.000
6.885 3.499 2.070 102.000
6.901 3.477 2.071 102.000
6.915 3.454 2.071 72.000
6.919 3.424 2.068 74.000
6.929 3.403 2.068 74.000
6.942 3.380 2.069 72.000
6.957 3.354 2.070 74.000
6.976 3.333 2.072 102.000
6.973 3.302 2.067 74.000
6.985 3.278 2.067 102.000
6.997 3.256 2.068 72.000
7.013 3.232 2.069 72.000
7.031 3.211 2.071 72.000
7.034 3.182 2.068 74.000
7.038 3.158 2.067 69.000
7.054 3.135 2.068 74.000
7.067 3.111 2.069 69.000
7.086 3.088 2.071 72.000
7.083 3.059 2.067 67.000
7.091 3.032 2.066 67.000
6.270 2.656 1.825 115.000
6.256 2.625 1.818 128.000
6.240 2.595 1.811 27.000
6.233 2.565 1.806 41.000
6.249 2.547 1.808 117.000
6.216 2.509 1.796 119.000
6.202 2.477 1.789 109.000
6.190 2.446 1.783 115.000
6.167 2.413 1.774 119.000
6.139 2.378 1.764 124.000
6.128 2.349 1.758 121.000
6.114 2.319 1.752 122.000
6.095 2.287 1.744 119.000
6.076 2.256 1.737 112.000
6.058 2.227 1.729 118.000
6.043 2.196 1.723 119.000
6.030 2.169 1.717 122.000
6.014 2.138 1.710 124.000
5.983 2.106 1.699 122.000
5.966 2.075 1.693 119.000
5.953 2.049 1.687 115.000
5.946 2.022 1.683 115.000
5.936 1.997 1.678 119.000
5.909 1.963 1.668 122.000
5.891 1.936 1.662 124.000
5.872 1.907 1.654 124.000
5.857 1.880 1.648 119.000
5.852 1.855 1.645 124.000
5.825 1.827 1.636 119.000
5.802 1.797 1.627 42.000
5.749 1.759 1.611 27.000
5.770 1.742 1.615 31.000
5.747 1.713 1.607 36.000
5.758 1.695 1.608 67.000
nan nan nan nan
7.209 2.066 2.009 50.000
7.258 2.055 2.021 63.000
7.269 2.031 2.022 65.000
7.300 2.014 2.029 67.000
7.328 1.992 2.035 33.000
7.387 1.981 2.049 11.000
7.426 1.962 2.058 14.000
7.473 1.949 2.070 20.000
7.494 1.925 2.073 40.000
7.495 1.898 2.072 39.000
7.505 1.871 2.073 39.000
7.491 1.843 2.067 33.000
5.524 1.337 1.523 15.000
5.498 1.313 1.515 40.000
5.478 1.288 1.508 114.000
5.483 1.269 1.508 128.000
5.478 1.247 1.505 131.000
5.444 1.220 1.495 131.000
5.428 1.196 1.489 130.000
5.422 1.175 1.487 131.000
5.415 1.153 1.484 131.000
5.402 1.132 1.479 128.000
5.396 1.112 1.476 131.000
5.374 1.086 1.469 128.000
5.359 1.064 1.464 128.000
5.351 1.043 1.461 128.000
5.343 1.022 1.458 131.000
5.335 1.002 1.455 131.000
5.320 0.979 1.449 134.000
5.281 0.954 1.438 129.000
5.292 0.936 1.440 131.000
5.269 0.914 1.433 131.000
5.259 0.892 1.429 128.000
5.250 0.873 1.426 127.000
nan nan nan nan
3.600 0.573 0.977 12.000
3.579 0.556 0.971 10.000
3.556 0.540 0.964 26.000
3.541 0.525 0.959 45.000
3.533 0.512 0.957 105.000
3.489 0.493 0.944 105.000
3.324 0.459 0.899 11.000
3.297 0.443 0.891 5.000
3.312 0.434 0.895 7.000
3.302 0.420 0.892 6.000
3.311 0.410 0.894 5.000
3.322 0.400 0.897 5.000
3.329 0.389 0.898 5.000
3.325 0.376 0.897 7.000
nan nan nan nan
3.333 0.354 0.898 136.000
3.344 0.344 0.901 137.000
nan nan nan nan
3.336 0.320 0.898 7.000
3.334 0.307 0.897 6.000
3.346 0.297 0.900 6.000
3.351 0.285 0.901 5.000
3.360 0.274 0.903 5.000
3.355 0.262 0.902 5.000
nan nan nan nan
4.966 0.352 1.334 127.000
4.946 0.335 1.328 131.000
4.943 0.317 1.327 131.000
4.919 0.299 1.320 130.000
4.907 0.280 1.317 128.000
4.900 0.264 1.315 128.000
4.901 0.247 1.315 130.000
4.890 0.228 1.312 128.000
4.875 0.209 1.308 130.000
4.862 0.194 1.304 133.000
4.850 0.176 1.300 132.000
4.843 0.158 1.298 132.000
4.831 0.141 1.295 132.000
4.809 0.124 1.289 132.000
4.794 0.107 1.285 132.000
4.784 0.091 1.282 129.000
4.806 0.074 1.288 134.000
4.773 0.057 1.279 130.000
4.754 0.039 1.274 130.000
4.766 0.023 1.277 133.000
4.747 0.006 1.272 129.000
4.758 -0.009 1.275 133.000
4.739 -0.026 1.270 129.000
4.725 -0.042 1.266 128.000
4.709 -0.059 1.262 130.000
4.709 -0.075 1.262 130.000
4.701 -0.091 1.260 128.000
4.701 -0.107 1.260 128.000
4.685 -0.124 1.256 131.000
4.661 -0.138 1.250 132.000
4.661 -0.155 1.250 133.000
4.660 -0.171 1.250 63.000
4.646 -0.187 1.246 35.000
4.640 -0.202 1.244 38.000
4.647 -0.218 1.246 43.000
4.650 -0.236 1.248 114.000
4.639 -0.252 1.245 127.000
4.633 -0.268 1.243 128.000
4.624 -0.284 1.241 128.000
4.608 -0.297 1.237 128.000
4.603 -0.314 1.236 130.000
4.598 -0.328 1.235 128.000
4.589 -0.344 1.233 130.000
4.574 -0.359 1.229 127.000
4.565 -0.375 1.227 127.000
4.556 -0.391 1.225 127.000
4.551 -0.407 1.224 125.000
4.555 -0.422 1.226 128.000
4.532 -0.436 1.220 125.000
4.523 -0.450 1.218 125.000
4.518 -0.465 1.217 125.000
4.512 -0.480 1.216 127.000
4.511 -0.496 1.216 125.000
4.488 -0.510 1.210 124.000
4.480 -0.525 1.209 127.000
4.475 -0.539 1.208 125.000
4.473 -0.556 1.208 125.000
4.467 -0.569 1.207 125.000
4.452 -0.583 1.203 128.000
4.434 -0.597 1.199 128.000
4.432 -0.613 1.199 128.000
4.430 -0.628 1.199 128.000
4.424 -0.643 1.198 130.000
4.406 -0.655 1.194 128.000
4.396 -0.670 1.192 130.000
4.390 -0.684 1.191 131.000
4.384 -0.699 1.190 130.000
4.385 -0.714 1.191 130.000
4.369 -0.728 1.187 133.000
