605.278 383.076
860.078 562.936
699.704 801.249
432.912 609.399
0.000 0.000
605.278 384.575
861.577 562.936
699.704 799.751
431.413 609.399
0.000 0.000
605.278 383.076
861.577 561.437
698.205 801.249
432.912 607.900
0.000 0.000
606.776 386.074
860.078 562.936
696.706 798.252
431.413 607.900
0.000 0.000
605.278 384.575
858.580 562.936
699.704 799.751
434.411 606.402
0.000 0.000
606.776 386.074
861.577 565.933
698.205 801.249
432.912 609.399
0.000 0.000
605.278 384.575
861.577 565.933
699.704 801.249
431.413 607.900
0.000 0.000
605.278 386.074
863.076 561.437
698.205 799.751
431.413 609.399
0.000 0.000
605.278 384.575
861.577 561.437
696.706 804.247
432.912 609.399
0.000 0.000
605.278 386.074
861.577 562.936
699.704 798.252
434.411 609.399
0.000 0.000
606.776 386.074
860.078 561.437
698.205 801.249
435.910 607.900
0.000 0.000
