img0:
0.801532 -1.04366 1.00594 
-0.0642865 -0.195429 0.619337 
img1:
1.07096 -0.751177 1.09063 
-0.292709 -0.279771 1.22826 
img2:
0.988354 -1.01121 1.14888 
-0.220382 -0.0522148 0.290223 
img3:
0.964921 -0.683233 1.16979 
-0.137999 -0.816199 0.539205 
img4:
1.01399 -0.719212 1.01479 
-0.413287 -0.367385 0.833275 
img5:
1.16226 -0.596623 1.04277 
-0.521717 -0.205413 1.21783 
img6:
1.14189 -0.78731 1.13941 
-0.258292 -0.166206 0.302022 
img7:
0.999655 -0.939809 1.17702 
-0.178037 -0.107279 0.232299 
img8:
1.34056 0.0983105 0.713171 
-1.89171 -0.657081 2.10244 
img9:
1.2037 -0.631327 1.17577 
-0.622303 -0.142038 1.27461 
img10:
1.10187 -0.7703 1.05826 
-0.459007 -0.227026 0.292706 
